Frequency (Hz),Magnitude
0.0,6.812269420644375
0.9999804691314623,6.3756028349394045
1.9999609382629246,8.240634492664867
2.999941407394387,6.976870550851945
3.9999218765258493,8.714257407253175
4.999902345657311,6.59325797066997
5.999882814788774,5.9880043669487275
6.999863283920236,8.388919397164594
7.999843753051699,7.633197400384082
8.999824222183161,7.6517391532171795
9.999804691314623,6.921097148744581
10.999785160446086,7.979989797396838
11.999765629577547,17.98952157418507
12.99974609870901,22.428573271132656
13.999726567840472,22.116808773232986
14.999707036971936,19.148193138461387
15.999687506103397,30.250263793006336
16.99966797523486,28.683767015378464
17.999648444366322,83.49966167554308
18.999628913497784,103.46389516659664
19.999609382629245,13.975028181139113
20.99958985176071,46.80871244335972
21.999570320892172,39.44484667990195
22.999550790023633,103.9642310025839
23.999531259155095,187.97267465143912
24.999511728286556,291.7211943282195
25.99949219741802,73.04682487819093
26.999472666549483,213.03678770797444
27.999453135680945,146.69783595766103
28.999433604812406,158.1576175515348
29.99941407394387,265.2228172001568
30.999394543075333,193.0018557554859
31.999375012206794,74.35290669990627
32.999355481338256,105.3276758743574
33.99933595046972,28.38678214481793
34.99931641960118,82.78938421178648
35.999296888732644,100.8548694619998
36.99927735786411,120.52666057545756
37.99925782699557,186.66684958662503
38.99923829612703,134.65322449916223
39.99921876525849,57.624219695246936
40.999199234389955,98.28992210157553
41.99917970352142,63.618349028875784
42.99916017265288,64.25234204146571
43.999140641784344,51.473288196164944
44.9991211109158,43.290893113279246
45.99910158004727,158.5882472141368
46.99908204917873,162.08593910930185
47.99906251831019,10.114197180877852
48.999042987441655,230.48180173423785
49.99902345657311,54.902811431800245
50.99900392570458,51.98953843897199
51.99898439483604,45.43348265557464
52.9989648639675,112.3145953499987
53.998945333098966,203.82079021184614
54.99892580223043,82.87648415115603
55.99890627136189,67.40527735754834
56.998886740493354,32.87231137757056
57.99886720962481,33.9816225942941
58.99884767875628,221.25345431338147
59.99882814788774,63.092778786497426
60.9988086170192,57.1824280430896
61.998789086150666,27.67039481677096
62.998769555282124,104.30452117682817
63.99875002441359,36.60927999260765
64.99873049354505,82.54058253754292
65.99871096267651,97.9786390573691
66.99869143180797,79.58164661988617
67.99867190093944,37.62810296945545
68.9986523700709,71.79311529459885
69.99863283920236,22.94213509138863
70.99861330833383,71.09605164259081
71.99859377746529,179.54906004710608
72.99857424659675,149.80263686694994
73.99855471572822,16.62054234740684
74.99853518485968,48.604548627155005
75.99851565399113,224.62477129153513
76.99849612312259,66.82174110699853
77.99847659225406,76.83354653300731
78.99845706138552,132.24313135554954
79.99843753051698,41.525866006585474
80.99841799964845,371.8147067515555
81.99839846877991,267.55970788169657
82.99837893791137,60.814164407248896
83.99835940704284,59.80618227147052
84.9983398761743,85.64432018513621
85.99832034530576,46.81747623928281
86.99830081443723,44.930120520362806
87.99828128356869,103.46849763501223
88.99826175270015,45.23468022810766
89.9982422218316,129.79883787764135
90.99822269096308,87.30652670058006
91.99820316009453,50.44842167097342
92.99818362922599,41.25827084544192
93.99816409835746,18.738303464992274
94.99814456748892,35.548843536249194
95.99812503662038,34.213547992240954
96.99810550575185,103.53990095593083
97.99808597488331,37.79569619363748
98.99806644401477,20.87085295687309
99.99804691314623,34.95467927048334
100.9980273822777,42.60974927749417
101.99800785140916,30.523174583046423
102.99798832054061,32.95519779660612
103.99796878967209,24.943435579775436
104.99794925880354,4.727993031931323
105.997929727935,1.5609029134128936
106.99791019706647,27.552333556367017
107.99789066619793,35.15119978924201
108.99787113532939,20.03454133616441
109.99785160446086,32.92844048672537
110.99783207359232,24.59678166012949
111.99781254272378,20.090728778752524
112.99779301185524,51.859059209485494
113.99777348098671,85.92113568133502
114.99775395011817,45.316851127571866
115.99773441924962,14.65259463347475
116.9977148883811,36.51109180930165
117.99769535751255,525.9034783177035
118.99767582664401,106.25800509468495
119.99765629577549,116.19079377813341
120.99763676490694,69.07034726017096
121.9976172340384,6.697359277644838
122.99759770316986,107.10155391729468
123.99757817230133,24.545727283230406
124.99755864143279,9182.615496688646
125.99753911056425,147.50039325396335
126.99751957969572,47.070593375308995
127.99750004882718,83.47073378964349
128.99748051795865,29.36387158568061
129.9974609870901,51.47650512039607
130.99744145622157,58.20931866604435
131.99742192535302,12.466363647381439
132.99740239448448,23.726530797044536
133.99738286361594,22.43042779611161
134.99736333274743,44.126255470027594
135.99734380187888,34.714424097261464
136.99732427101034,38.041177584655266
137.9973047401418,27.062913044049207
138.99728520927326,60.53777350154977
139.99726567840472,43.473368520005245
140.99724614753617,11.692568117594126
141.99722661666766,43.00210897050643
142.99720708579912,10.73238245034631
143.99718755493058,24.57069368771834
144.99716802406203,23.493527673928533
145.9971484931935,29.48364197976066
146.99712896232495,7.257232947793028
147.99710943145644,19.10479936165828
148.9970899005879,14.54591682376655
149.99707036971935,27.266415328331636
150.9970508388508,15.031797860367659
151.99703130798227,22.603359431941236
152.99701177711373,32.42512784100946
153.99699224624518,51.403415537983605
154.99697271537667,6.237896431390995
155.99695318450813,49.1269392165135
156.9969336536396,7.595450355175612
157.99691412277105,36.641904511994255
158.9968945919025,116.95258768700118
159.99687506103396,38.62392311856801
160.99685553016545,62.113848997053786
161.9968359992969,57.44199281964187
162.99681646842836,43.828442965786344
163.99679693755982,12.430541159408484
164.99677740669128,4.261925588667669
165.99675787582274,16.02449429257485
166.9967383449542,25.82473526431386
167.99671881408568,55.42740657856723
168.99669928321714,41.97302688657795
169.9966797523486,63.410170066836216
170.99666022148006,56.59172187589087
171.9966406906115,82.03439386882364
172.99662115974297,47.90461905424331
173.99660162887446,86.68803860250557
174.99658209800592,29.898387842899922
175.99656256713737,39.86344017423056
176.99654303626883,64.72047781628203
177.9965235054003,69.41989676675028
178.99650397453175,14.743789755407926
179.9964844436632,35.08685564595079
180.9964649127947,46.316750060621985
181.99644538192615,92.21443581979494
182.9964258510576,21.225305041099418
183.99640632018907,56.507129520055905
184.99638678932052,52.13959278265029
185.99636725845198,20.02313906896314
186.99634772758344,6.934242919810357
187.99632819671493,44.08932761026437
188.99630866584639,59.26108701077707
189.99628913497784,21.05882634706327
190.9962696041093,19.04985952284213
191.99625007324076,75.61151050935602
192.99623054237222,22.935003838188106
193.9962110115037,31.67758884759111
194.99619148063516,22.80083864962566
195.99617194976662,17.56092802713227
196.99615241889808,24.8729748836517
197.99613288802954,34.247113777229664
198.996113357161,10.465256758477809
199.99609382629245,14.489476734627283
200.99607429542394,28.238048459016643
201.9960547645554,32.393835653659664
202.99603523368685,37.154875123080416
203.9960157028183,38.44584282218911
204.99599617194977,32.95820022243684
205.99597664108123,27.791389434968767
206.99595711021271,16.8863608052577
207.99593757934417,8.590079210022328
208.99591804847563,35.51517450155154
209.9958985176071,23.43405608796172
210.99587898673855,38.59971624941659
211.99585945587,26.41631957204377
212.99583992500146,36.73869250386762
213.99582039413295,35.651259599957754
214.9958008632644,6.945906375805431
215.99578133239586,38.80628939802172
216.99576180152732,58.16073018573276
217.99574227065878,15.617546279594501
218.99572273979024,73.6583763173935
219.99570320892173,24.968175358620073
220.99568367805318,35.37318967699992
221.99566414718464,45.28443439871221
222.9956446163161,24.449088900070752
223.99562508544756,58.36045133844879
224.99560555457902,74.48159578581678
225.99558602371047,10.26837182683009
226.99556649284196,28.39581702881684
227.99554696197342,28.417329838115602
228.99552743110488,25.587112838274653
229.99550790023633,61.14083207996255
230.9954883693678,44.22812156508482
231.99546883849925,57.21456863974426
232.9954493076307,31.435226988864056
233.9954297767622,18.31410636221108
234.99541024589365,73.4170344911349
235.9953907150251,333.933004162774
236.99537118415657,135.17278944830326
237.99535165328803,54.079076640867164
238.99533212241948,93.72494414022054
239.99531259155097,142.85937291025454
240.99529306068243,168.57877845003452
241.9952735298139,153.90250859887837
242.99525399894534,70.42075220690317
243.9952344680768,67.14581552616511
244.99521493720826,130.98583277922495
245.99519540633972,73.80566115280392
246.9951758754712,16.490557711642108
247.99515634460266,51.528259162681486
248.99513681373412,51.682853195579696
249.99511728286558,228.43533634187685
250.99509775199704,44.42789082620171
251.9950782211285,22.11669480258865
252.99505869025998,51.28027440867486
253.99503915939144,66.59149673642767
254.9950196285229,41.520383818945014
255.99500009765435,71.73768813641166
256.99498056678584,9.116401871063156
257.9949610359173,24.72961775339062
258.99494150504876,39.37610851909988
259.9949219741802,61.44597552102865
260.9949024433117,40.244665246515645
261.99488291244313,139.41149608337025
262.9948633815746,79.44978952200225
263.99484385070605,49.908356276893095
264.9948243198375,27.071698593665282
265.99480478896896,82.29206788882537
266.9947852581004,27.195683031969235
267.9947657272319,64.1381228879851
268.99474619636334,31.36122229580595
269.99472666549485,60.8913948339799
270.9947071346263,23.912170297526163
271.99468760375777,60.3333779656302
272.9946680728892,8.793410237566826
273.9946485420207,72.11535625665302
274.99462901115214,25.658656038309132
275.9946094802836,29.088910938652674
276.99458994941506,4.1104422870833135
277.9945704185465,38.51443675538711
278.994550887678,40.09136758130734
279.99453135680943,26.919607906802174
280.9945118259409,28.151213054536775
281.99449229507235,28.81639353409401
282.99447276420386,2.679242644563403
283.9944532333353,39.414891253836025
284.9944337024668,87.26116998559115
285.99441417159824,30.748433179508243
286.9943946407297,44.07994636644622
287.99437510986115,31.026709674505202
288.9943555789926,25.762670945792387
289.99433604812407,64.72795179092498
290.9943165172555,19.622504549931726
291.994296986387,65.78515116886486
292.99427745551844,17.716552706241135
293.9942579246499,44.323215022852935
294.99423839378136,24.16827180738941
295.9942188629129,13.675447552435411
296.99419933204433,17.814241673736348
297.9941798011758,99.24266734295044
298.99416027030725,38.62252954320417
299.9941407394387,13.799047580471877
300.99412120857016,12.30609991526735
301.9941016777016,30.73686501039424
302.9940821468331,33.63886808488981
303.99406261596454,29.63093709922215
304.994043085096,24.94656108032989
305.99402355422745,19.08294572662932
306.9940040233589,21.357325535666785
307.99398449249037,10.024997289775053
308.9939649616219,17.163922044833285
309.99394543075334,7.573623656213912
310.9939258998848,8.259799398983025
311.99390636901626,51.566218578611974
312.9938868381477,28.946610368212877
313.9938673072792,20.771286516586613
314.99384777641063,24.631116031605057
315.9938282455421,25.89524364307904
316.99380871467355,13.626093315951813
317.993789183805,14.575789310823462
318.99376965293646,49.22129707505129
319.9937501220679,38.27460107032096
320.9937305911994,2.772586447236429
321.9937110603309,10.851514471634765
322.99369152946235,16.69553583063785
323.9936719985938,41.12458290201694
324.99365246772527,41.25626949090179
325.9936329368567,42.64835784971151
326.9936134059882,21.696107237931205
327.99359387511964,18.65023888091547
328.9935743442511,18.580743610474805
329.99355481338256,19.636590748929997
330.993535282514,12.606109232524965
331.9935157516455,23.508798434815986
332.99349622077693,18.03692062167849
333.9934766899084,40.14130519704144
334.9934571590399,7.700820116381086
335.99343762817136,11.052618729327945
336.9934180973028,23.472912139634428
337.9933985664343,26.43152759255251
338.99337903556574,34.362814813264286
339.9933595046972,53.88929661252259
340.99333997382865,9.99960308875353
341.9933204429601,24.95789306326825
342.99330091209157,18.643191697810437
343.993281381223,7.230776775429688
344.9932618503545,2.8461182250134773
345.99324231948594,26.628210959847014
346.9932227886174,23.070008972203038
347.9932032577489,40.79986459166536
348.9931837268804,2.568253093401687
349.99316419601183,53.49713070738254
350.9931446651433,11.417897782243754
351.99312513427475,49.45825882654349
352.9931056034062,31.58408206361811
353.99308607253766,16.91792174635705
354.9930665416691,20.09087266215409
355.9930470108006,59.13512182594618
356.99302747993204,19.41008625889063
357.9930079490635,19.131529265025016
358.99298841819495,7.046258302660982
359.9929688873264,49.407953157548135
360.99294935645787,87.50222428159638
361.9929298255894,20.660623914191238
362.99291029472084,75.00235653947736
363.9928907638523,35.12916540314323
364.99287123298376,106.89582243945293
365.9928517021152,76.60797522591804
366.9928321712467,97.69456059945918
367.99281264037813,43.11030210449036
368.9927931095096,51.70348383190405
369.99277357864105,14.406151401110494
370.9927540477725,81.09428290353628
371.99273451690397,57.73868993229719
372.9927149860354,37.237730416680094
373.9926954551669,71.1064893769605
374.9926759242984,1530.1680309541057
375.99265639342985,68.00635482025227
376.9926368625613,17.28842839502591
377.99261733169277,55.225547348104364
378.9925978008242,33.508906034570494
379.9925782699557,26.263725458944897
380.99255873908714,19.66096749519467
381.9925392082186,8.301190518345312
382.99251967735006,68.72109508595916
383.9925001464815,56.061188937184994
384.992480615613,73.15736327810933
385.99246108474443,70.3211985642395
386.9924415538759,130.50811176385739
387.9924220230074,124.39695588967713
388.99240249213887,64.83075250382984
389.9923829612703,32.504227959919405
390.9923634304018,152.78375338686953
391.99234389953324,160.9446945401186
392.9923243686647,281.3481878565898
393.99230483779615,111.37536989138411
394.9922853069276,198.45654571748148
395.99226577605907,218.42024021194877
396.99224624519053,41.58585594356421
397.992226714322,273.22011398293137
398.99220718345344,31.8112359537816
399.9921876525849,94.8273707340738
400.9921681217164,85.0090875433367
401.9921485908479,28.89951790799651
402.99212905997933,64.27791851903457
403.9921095291108,31.506681391981125
404.99208999824225,73.01868555596587
405.9920704673737,22.607808578852453
406.99205093650517,27.66069584054779
407.9920314056366,18.403700917688674
408.9920118747681,31.13659711801065
409.99199234389954,77.32522812140976
410.991972813031,27.789689925287355
411.99195328216246,48.325987216654745
412.9919337512939,19.33023581036345
413.99191422042543,38.239625755683385
414.9918946895569,7.856467703945541
415.99187515868834,29.22773682422118
416.9918556278198,34.778146990693415
417.99183609695126,91.39690220081036
418.9918165660827,85.03984497844083
419.9917970352142,117.48595463407493
420.99177750434563,143.39335315873305
421.9917579734771,47.27681360691589
422.99173844260855,74.08134603325229
423.99171891174,24.857901660859014
424.99169938087147,74.5801517965222
425.9916798500029,183.40499814009283
426.99166031913444,180.31147332100903
427.9916407882659,121.9259839955401
428.99162125739736,199.85013546005013
429.9916017265288,70.03694329094685
430.99158219566027,24.03765510855252
431.99156266479173,54.11132832525944
432.9915431339232,74.33935493176153
433.99152360305465,65.62032205560082
434.9915040721861,61.756555470952435
435.99148454131756,76.69731561149733
436.991465010449,88.09951378154612
437.9914454795805,31.26780407661921
438.99142594871194,93.93280692114809
439.99140641784345,164.34673319018322
440.9913868869749,74.04684162717774
441.99136735610637,94.90364947895108
442.9913478252378,24.959863249754548
443.9913282943693,81.03897280093204
444.99130876350074,63.18362664877516
445.9912892326322,172.29044676984063
446.99126970176366,199.5621348711071
447.9912501708951,183.40033494097622
448.9912306400266,144.79589851708647
449.99121110915803,113.34740307902734
450.9911915782895,191.51133458795067
451.99117204742095,73.2874481943723
452.99115251655246,6.003603377310899
453.9911329856839,194.34345390245377
454.9911134548154,117.00811291857181
455.99109392394683,107.58773067094913
456.9910743930783,194.51096219189208
457.99105486220975,251.507355568193
458.9910353313412,116.29385794812644
459.99101580047267,73.83260966053078
460.9909962696041,124.02139629538057
461.9909767387356,41.38120544391493
462.99095720786704,40.69066593886101
463.9909376769985,120.07888979093099
464.99091814612996,95.76847574167276
465.9908986152614,211.09324772842928
466.99087908439293,160.7219350732489
467.9908595535244,148.61077564301155
468.99084002265585,168.5025522482253
469.9908204917873,202.08295609393232
470.99080096091876,378.34434097175244
471.9907814300502,200.00857328585977
472.9907618991817,104.66043284153828
473.99074236831314,115.45047412448011
474.9907228374446,68.4585275037973
475.99070330657605,16.04375921969255
476.9906837757075,95.62482030135249
477.99066424483897,78.61695261431632
478.9906447139704,46.26703100183476
479.99062518310194,129.3881884507329
480.9906056522334,71.23224675689451
481.99058612136486,75.74915316022098
482.9905665904963,63.12090693808818
483.9905470596278,108.62311743508812
484.99052752875923,125.27143506235349
485.9905079978907,155.71563641889918
486.99048846702215,69.22786969260378
487.9904689361536,39.86342861811078
488.99044940528506,8.033430529639196
489.9904298744165,72.65773762379125
490.990410343548,105.84269317862937
491.99039081267944,122.77474167849765
492.99037128181095,197.35690804159862
493.9903517509424,71.90245536963297
494.99033222007387,91.54279842112501
495.9903126892053,124.75440074915672
496.9902931583368,111.07245387420365
497.99027362746824,452.555863948378
498.9902540965997,660.1741628647466
499.99023456573116,10693.144782361629
500.9902150348626,964.9199790598834
501.9901955039941,347.89284976908823
502.99017597312553,126.06107345754182
503.990156442257,225.49520853911105
504.99013691138845,174.70317946642697
505.99011738051996,208.6911487693218
506.9900978496514,237.3426250228468
507.9900783187829,114.93567038601812
508.99005878791434,76.64718402420681
509.9900392570458,83.981148573643
510.99001972617725,54.29588154802057
511.9900001953087,55.17958596115508
512.9899806644402,42.01720408495518
513.9899611335717,106.06192609031714
514.9899416027031,41.89580931781942
515.9899220718346,88.07844113118183
516.989902540966,43.07775237046969
517.9898830100975,89.86882801765309
518.9898634792289,158.00602314924078
519.9898439483604,64.50914285251407
520.9898244174918,55.44891438771014
521.9898048866233,53.75444392626096
522.9897853557547,18.222415089585883
523.9897658248863,54.27661168935384
524.9897462940177,67.95161729531065
525.9897267631492,130.00939715015662
526.9897072322807,82.8481900394113
527.9896877014121,35.431953898674436
528.9896681705436,34.33293638311513
529.989648639675,38.101752851756906
530.9896291088065,17.529882331923048
531.9896095779379,70.8995309134562
532.9895900470694,74.67315637897302
533.9895705162008,51.63188086627483
534.9895509853324,35.713750380560654
535.9895314544638,40.65903002351692
536.9895119235953,37.74019395748821
537.9894923927267,84.23061468485287
538.9894728618582,62.00299417530446
539.9894533309897,25.87288966176808
540.9894338001211,86.95403566546484
541.9894142692526,56.95934592635875
542.989394738384,57.08510096908361
543.9893752075155,30.87864898740862
544.9893556766469,53.57315783458993
545.9893361457785,11.542047294679305
546.9893166149099,107.10177375948778
547.9892970840414,42.94065936005644
548.9892775531728,42.25715907566056
549.9892580223043,47.39700182585656
550.9892384914357,10.229204359189223
551.9892189605672,50.073804283887846
552.9891994296987,38.95268431733941
553.9891798988301,73.14821262531326
554.9891603679616,40.780668540267506
555.989140837093,48.42347984211788
556.9891213062245,46.48237561589521
557.989101775356,61.02494901985564
558.9890822444875,65.24089112403998
559.9890627136189,17.02334359346596
560.9890431827504,15.113037709130959
561.9890236518818,32.23527388664548
562.9890041210133,11.714125375829093
563.9889845901447,12.583800054304835
564.9889650592762,12.58641281006286
565.9889455284077,42.776669704514944
566.9889259975391,61.42819743931778
567.9889064666706,49.72096524079302
568.988886935802,12.083456351522942
569.9888674049336,47.586612753016986
570.988847874065,4.939298862767809
571.9888283431965,51.64938085458437
572.9888088123279,26.142428630371594
573.9887892814594,19.722892963345554
574.9887697505908,49.01748416981462
575.9887502197223,13.140789363112718
576.9887306888537,66.9677180982021
577.9887111579852,26.001727956115218
578.9886916271167,84.20894781899081
579.9886720962481,49.40349676973677
580.9886525653797,12.407105539108482
581.988633034511,120.81191544276018
582.9886135036426,33.18961746402103
583.988593972774,56.49415127648664
584.9885744419055,190.0978067930719
585.9885549110369,80.55270407600999
586.9885353801684,68.63048037362596
587.9885158492998,39.3376358401493
588.9884963184313,85.52374961075616
589.9884767875627,142.2790681335119
590.9884572566942,91.54687206177937
591.9884377258257,27.304850318069313
592.9884181949571,141.17858577736212
593.9883986640887,125.90958343081395
594.9883791332201,161.16721888585647
595.9883596023516,31.33429558379637
596.988340071483,100.5079719732607
597.9883205406145,122.51236929778872
598.9883010097459,57.337085515663105
599.9882814788774,45.89608415957013
600.9882619480088,108.0134946869477
601.9882424171403,94.20749168392274
602.9882228862717,7.275018792576036
603.9882033554032,49.77754126333182
604.9881838245348,28.284344225904213
605.9881642936662,54.164580675760845
606.9881447627977,93.82420992638708
607.9881252319291,94.65734982445021
608.9881057010606,59.03864668065336
609.988086170192,34.38941931637663
610.9880666393235,73.63122437678119
611.9880471084549,12.7828686459855
612.9880275775864,18.790232463398638
613.9880080467178,62.71521892981443
614.9879885158493,43.31510850214353
615.9879689849807,48.20802277743981
616.9879494541123,154.37332121365327
617.9879299232438,93.14726386325509
618.9879103923752,48.605421839683245
619.9878908615067,22.194266295375154
620.9878713306381,64.19431769367979
621.9878517997696,81.66729847003458
622.987832268901,109.39926946250004
623.9878127380325,13.185754176595061
624.9877932071639,1391.7148691489278
625.9877736762954,163.67436162591864
626.9877541454268,121.91797454932173
627.9877346145583,24.301758454130862
628.9877150836897,57.42274591353565
629.9876955528213,41.63084200227793
630.9876760219528,17.053182204851325
631.9876564910842,45.313460970494496
632.9876369602157,73.12867830256785
633.9876174293471,63.813061023981085
634.9875978984786,36.12265317711766
635.98757836761,49.64059482716211
636.9875588367415,40.87314702097915
637.9875393058729,56.072522502891076
638.9875197750044,57.03581308499787
639.9875002441358,42.010810070716985
640.9874807132674,65.46028182290779
641.9874611823988,66.50996664763679
642.9874416515303,51.559371207558165
643.9874221206618,31.631417504769043
644.9874025897932,22.138056957769074
645.9873830589247,32.87512952209582
646.9873635280561,52.30336228312375
647.9873439971876,158.89248467641116
648.987324466319,34.776350662173485
649.9873049354505,34.420285096949556
650.9872854045819,42.56769760696806
651.9872658737135,36.364588687511436
652.9872463428449,80.87083598772773
653.9872268119764,58.750677521112586
654.9872072811078,63.195800447852434
655.9871877502393,57.12631698018211
656.9871682193708,21.47051920329445
657.9871486885022,63.603384344299364
658.9871291576337,135.79385597075589
659.9871096267651,108.34391222498533
660.9870900958966,32.87196120510613
661.987070565028,41.09502041712961
662.9870510341595,38.10194652436367
663.987031503291,30.195817324314916
664.9870119724225,47.70751958823508
665.9869924415539,126.17943721883249
666.9869729106854,21.354947397882025
667.9869533798168,20.990532664784446
668.9869338489483,95.4788532578321
669.9869143180798,47.28330681165531
670.9868947872112,84.35206954782217
671.9868752563427,36.07172147381439
672.9868557254741,65.18916724109337
673.9868361946056,69.60186917542038
674.986816663737,51.82646751941017
675.9867971328686,91.51886780326022
676.986777602,12.759495855212034
677.9867580711315,35.451441570231786
678.9867385402629,123.30685404788323
679.9867190093944,57.37292512506648
680.9866994785258,46.83678973525219
681.9866799476573,74.60195344688897
682.9866604167888,42.468420802804125
683.9866408859202,18.368326102604687
684.9866213550517,23.716305993785095
685.9866018241831,32.48713179778484
686.9865822933147,58.56469245328212
687.986562762446,26.405694489601803
688.9865432315776,20.554220674987125
689.986523700709,20.015576593905244
690.9865041698405,15.606718114832212
691.9864846389719,18.302385521448166
692.9864651081034,16.65245267244487
693.9864455772348,4.72857676074963
694.9864260463663,47.59053148668746
695.9864065154978,42.25582408472384
696.9863869846292,11.183755103775257
697.9863674537607,34.73669771216452
698.9863479228922,55.052220987029
699.9863283920237,17.6762725112454
700.9863088611551,33.40192327804264
701.9862893302866,52.207842904238014
702.986269799418,44.483209051051624
703.9862502685495,75.47397881971355
704.9862307376809,38.99256771636523
705.9862112068124,63.081115951645934
706.9861916759438,17.482257041868472
707.9861721450753,19.010084040949334
708.9861526142068,36.05368479074102
709.9861330833382,60.652012558456825
710.9861135524698,42.84766926581143
711.9860940216012,13.861992695927258
712.9860744907327,61.15525056800224
713.9860549598641,31.478547771826285
714.9860354289956,27.769137930865547
715.986015898127,26.6506373848926
716.9859963672585,70.1395474919248
717.9859768363899,20.226723244139617
718.9859573055214,6.70745287399354
719.9859377746528,40.254294156072916
720.9859182437843,57.187817760395085
721.9858987129157,59.28527414840689
722.9858791820473,28.598824652348053
723.9858596511788,79.16960434609369
724.9858401203102,7.799196094784655
725.9858205894417,62.139722790954345
726.9858010585731,217.32289509267085
727.9857815277046,25.81858119306362
728.985761996836,30.686895044898993
729.9857424659675,75.50148756802096
730.9857229350989,84.76084201188772
731.9857034042304,75.73251378792507
732.9856838733618,24.117374866249428
733.9856643424934,55.55909410066128
734.9856448116248,25.871700615511596
735.9856252807563,41.75762250921825
736.9856057498878,67.38663062996018
737.9855862190192,14.185459853888311
738.9855666881507,32.053752692217124
739.9855471572821,26.386852481048063
740.9855276264136,78.92164704306363
741.985508095545,22.676549042311542
742.9854885646765,76.8043953991621
743.9854690338079,33.46582082990942
744.9854495029394,77.3192561190075
745.9854299720708,21.588079965817645
746.9854104412024,95.28503509032561
747.9853909103338,40.57124567808493
748.9853713794653,166.1365719173498
749.9853518485968,1131.0065337785495
750.9853323177282,112.64270607044156
751.9853127868597,133.23319381615738
752.9852932559911,170.36830177186786
753.9852737251226,83.69069024829521
754.985254194254,23.852887639969847
755.9852346633855,56.56576206949212
756.9852151325169,69.51216783617087
757.9851956016485,76.33919010082688
758.9851760707799,50.54040189867647
759.9851565399114,96.6766533892634
760.9851370090428,52.50350368134579
761.9851174781743,36.10682011261556
762.9850979473058,91.60236231397093
763.9850784164372,7.671711556020398
764.9850588855687,26.680195354417986
765.9850393547001,142.39445119030063
766.9850198238316,55.44163305604636
767.985000292963,9.15170681390556
768.9849807620946,42.089819045637995
769.984961231226,31.684299264348684
770.9849417003575,19.392808853516534
771.9849221694889,33.77132269471633
772.9849026386204,27.463537910794983
773.9848831077518,22.647287685857705
774.9848635768833,13.69709037715812
775.9848440460148,20.89184831180722
776.9848245151462,12.326067703784581
777.9848049842777,47.516370919602636
778.9847854534091,28.109142741859596
779.9847659225406,64.5490074289398
780.984746391672,17.951806805579174
781.9847268608036,4.007502199300497
782.984707329935,82.78084314894124
783.9846877990665,16.49028469676184
784.9846682681979,23.802110892768678
785.9846487373294,45.579941691493126
786.9846292064608,27.583135325634387
787.9846096755923,102.66315642625423
788.9845901447238,71.69436482180582
789.9845706138552,76.67205962400654
790.9845510829867,13.917919243035652
791.9845315521181,46.042124328505025
792.9845120212497,34.48210259463048
793.9844924903811,13.256574862218912
794.9844729595126,11.848115339717076
795.984453428644,47.95331723808958
796.9844338977755,40.26320222548453
797.9844143669069,58.969162327181074
798.9843948360384,73.80980365313631
799.9843753051698,36.7504845789347
800.9843557743013,20.883661941482668
801.9843362434328,35.486892249149626
802.9843167125642,55.54724192587138
803.9842971816958,156.89263874856522
804.9842776508272,56.3103311928904
805.9842581199587,103.39616451999176
806.9842385890901,101.73113404733792
807.9842190582216,80.29021844671705
808.984199527353,45.64853578519498
809.9841799964845,85.5647158755394
810.9841604656159,95.84257117692736
811.9841409347474,84.24753217007104
812.9841214038788,73.64273725100615
813.9841018730103,47.23212275794502
814.9840823421418,85.56467369159378
815.9840628112732,89.06363362392187
816.9840432804048,63.76795308453073
817.9840237495362,63.09578661184473
818.9840042186677,103.80473642242545
819.9839846877991,54.69315055440434
820.9839651569306,95.0060327507455
821.983945626062,55.307848211440884
822.9839260951935,115.28256359458051
823.9839065643249,105.33474027936752
824.9838870334564,25.336789985081605
825.9838675025878,27.63135044377824
826.9838479717193,40.0902903696661
827.9838284408509,30.632106661662622
828.9838089099823,37.128621938160784
829.9837893791138,57.99022285733092
830.9837698482452,10.693729786317872
831.9837503173767,81.56316325953763
832.9837307865081,92.0589807541885
833.9837112556396,54.608148246040564
834.983691724771,79.62398848297728
835.9836721939025,90.98300289105048
836.9836526630339,58.743609789872316
837.9836331321654,37.095864227663064
838.9836136012968,19.018728988112567
839.9835940704284,8.171107470869273
840.9835745395599,116.94593405834219
841.9835550086913,113.9100956689372
842.9835354778228,70.10701367515637
843.9835159469542,102.86263951167076
844.9834964160857,70.40796040293529
845.9834768852171,44.84659570407124
846.9834573543486,44.551093229172906
847.98343782348,43.340662946521846
848.9834182926115,98.34595013025795
849.9833987617429,86.67650086312501
850.9833792308744,58.353154995631215
851.9833597000058,131.18557033390724
852.9833401691374,57.486995638883926
853.9833206382689,83.88513911611054
854.9833011074003,79.23792841053177
855.9832815765318,54.63260273881828
856.9832620456632,133.9228375523489
857.9832425147947,125.26427022373313
858.9832229839261,53.549938839706954
859.9832034530576,99.26723310542158
860.983183922189,210.796122730364
861.9831643913205,64.46713839070306
862.983144860452,24.163570864976577
863.9831253295835,30.03186784045124
864.9831057987149,68.39326843895961
865.9830862678464,125.29771007563714
866.9830667369779,68.9646626677096
867.9830472061093,79.88406853938865
868.9830276752408,68.69403647100863
869.9830081443722,36.034615238049085
870.9829886135037,124.98747736967734
871.9829690826351,183.88736487319588
872.9829495517666,89.14623597080711
873.982930020898,222.00588479726974
874.9829104900296,2507.430881181357
875.982890959161,190.6570238364602
876.9828714282925,67.42369754965756
877.9828518974239,75.25288211004792
878.9828323665554,90.93009954874313
879.9828128356869,73.7776555056515
880.9827933048183,58.14995198841642
881.9827737739498,84.82920687734136
882.9827542430812,60.40818756454267
883.9827347122127,46.21973821252673
884.9827151813441,46.5503746516199
885.9826956504756,127.2273048992873
886.982676119607,37.63951421672965
887.9826565887386,22.829349768743025
888.98263705787,88.1072281753158
889.9826175270015,13.836379584565174
890.9825979961329,10.225774271852643
891.9825784652644,55.006409912391284
892.9825589343959,54.22145331418618
893.9825394035273,58.04386875194915
894.9825198726588,58.03352297084688
895.9825003417902,46.225618027249205
896.9824808109217,26.227197413765865
897.9824612800531,72.43319284027304
898.9824417491847,66.63266715157381
899.9824222183161,28.765346173758772
900.9824026874476,89.8494031879374
901.982383156579,4.101534375026788
902.9823636257105,121.29686941709035
903.9823440948419,42.95472571918025
904.9823245639734,61.44507192640436
905.9823050331049,64.00587007003897
906.9822855022363,122.08286373228948
907.9822659713678,45.56667979597415
908.9822464404992,26.266254938035914
909.9822269096308,15.754134079763014
910.9822073787622,25.021678770377754
911.9821878478937,73.08350785831209
912.9821683170251,43.45192394338794
913.9821487861566,29.380676689780493
914.982129255288,24.843457596467587
915.9821097244195,25.381938850755677
916.9820901935509,21.373196581584583
917.9820706626824,29.615075735551407
918.9820511318139,41.9864393998035
919.9820316009453,40.42460280992648
920.9820120700768,17.29540808007202
921.9819925392082,11.775379181178879
922.9819730083398,47.907361606439096
923.9819534774712,14.81565218885792
924.9819339466027,51.92147717095776
925.9819144157341,100.66304502081711
926.9818948848656,47.81970647818229
927.981875353997,33.98358898649344
928.9818558231285,50.11776905600206
929.9818362922599,44.19244196413346
930.9818167613914,9.262360766519093
931.9817972305228,36.27910022003056
932.9817776996543,26.112294707077236
933.9817581687859,57.14918664448872
934.9817386379173,9.099378827206028
935.9817191070488,70.70701837398558
936.9816995761802,107.16066321900824
937.9816800453117,55.34809823879175
938.9816605144431,41.15794610978214
939.9816409835746,68.10122518651616
940.981621452706,49.87643725499001
941.9816019218375,63.861639516042914
942.9815823909689,101.3113432847886
943.9815628601004,35.825151836059256
944.9815433292318,30.208801448682557
945.9815237983634,58.213807905843545
946.9815042674949,60.349399029591595
947.9814847366263,7.817630432041726
948.9814652057578,86.49656541974106
949.9814456748892,32.54878713798704
950.9814261440207,73.54071319656958
951.9814066131521,124.70416807443156
952.9813870822836,31.513722510293167
953.981367551415,46.814847242890764
954.9813480205465,24.569915569552006
955.9813284896779,67.40799940400728
956.9813089588094,191.44566955232645
957.9812894279409,124.55872053949201
958.9812698970724,146.9001266587937
959.9812503662039,36.18106568394083
960.9812308353353,44.12159744325362
961.9812113044668,51.49605670907176
962.9811917735982,122.73777250551994
963.9811722427297,99.86309672275384
964.9811527118611,60.4238822005067
965.9811331809926,77.32962865660024
966.981113650124,80.2139165661966
967.9810941192555,67.63074121774255
968.981074588387,26.982215091569834
969.9810550575185,53.69752742434546
970.9810355266499,106.03867644702228
971.9810159957814,54.018061861395495
972.9809964649129,55.77757766579067
973.9809769340443,98.68471399457145
974.9809574031758,33.15803764362143
975.9809378723072,91.00899386816602
976.9809183414387,248.1712684030798
977.9808988105701,51.87957992438438
978.9808792797016,566.4224399013618
979.980859748833,318.02329831923544
980.9808402179646,161.33006072709045
981.980820687096,299.58571158700744
982.9808011562275,112.60542444312048
983.9807816253589,452.10537214201264
984.9807620944904,55.425948666407
985.9807425636219,530.7949248321183
986.9807230327533,329.58653704185355
987.9807035018848,472.40666200753117
988.9806839710162,280.0006759679983
989.9806644401477,166.58884430693067
990.9806449092791,519.7328803695478
991.9806253784107,240.78877863739123
992.980605847542,155.6379819763704
993.9805863166736,202.40708625077545
994.980566785805,157.22427312451708
995.9805472549365,415.93743061512754
996.9805277240679,706.942726333099
997.9805081931994,459.122960577111
998.9804886623309,1260.8003956403843
999.9804691314623,6178.000457411107
1000.9804496005938,549.943211015489
1001.9804300697252,308.0776500835611
1002.9804105388567,177.80637488500517
1003.9803910079881,340.39783721253053
1004.9803714771197,431.790090546339
1005.9803519462511,296.5561041620362
1006.9803324153826,337.7595744507408
1007.980312884514,101.00133883982228
1008.9802933536455,402.0046845900905
1009.9802738227769,142.38513222907812
1010.9802542919084,186.08443091750516
1011.9802347610399,153.98904543618343
1012.9802152301713,161.39491856611693
1013.9801956993028,195.70414433677217
1014.9801761684342,135.41981331690232
1015.9801566375658,30.662212341888203
1016.9801371066972,90.99626179038891
1017.9801175758287,25.308553210910258
1018.9800980449601,121.19371016984941
1019.9800785140916,46.0479878405319
1020.980058983223,130.36568960662137
1021.9800394523545,48.59578743759082
1022.9800199214859,126.02263774777991
1023.9800003906174,155.56063435219815
1024.9799808597488,62.944740771655034
1025.9799613288803,54.012937177740646
1026.9799417980119,15.836655024442498
1027.9799222671434,7.336243316046435
1028.9799027362747,14.63903989066962
1029.9798832054062,62.61281432492723
1030.9798636745377,88.11957813141825
1031.9798441436692,84.37175866807789
1032.9798246128005,49.19216505481764
1033.979805081932,47.118377951288494
1034.9797855510635,107.182121248301
1035.979766020195,106.06901144625981
1036.9797464893263,217.50415112697561
1037.9797269584578,11.660865696007573
1038.9797074275893,58.07151652243798
1039.9796878967209,24.48942931774171
1040.9796683658524,9.322630429677423
1041.9796488349837,56.78763577262295
1042.9796293041152,35.34735786462596
1043.9796097732467,134.0471346999875
1044.9795902423782,85.26150020861384
1045.9795707115095,70.07792962377897
1046.979551180641,20.212429994907154
1047.9795316497725,51.77476032895616
1048.979512118904,44.9551493795358
1049.9794925880353,84.45244327926937
1050.9794730571668,44.774092162851396
1051.9794535262984,57.31546091391423
1052.9794339954299,76.65331523258682
1053.9794144645614,97.42974830456059
1054.9793949336927,145.22808150405515
1055.9793754028242,46.98072923936584
1056.9793558719557,66.65679324746156
1057.9793363410872,107.89131532411416
1058.9793168102185,13.246149809662342
1059.97929727935,95.00771551393376
1060.9792777484815,36.97557368386964
1061.979258217613,55.941152381008216
1062.9792386867443,33.25419521265725
1063.9792191558759,42.261063361893235
1064.9791996250074,52.14921989696131
1065.9791800941389,10.461661110507473
1066.9791605632704,99.59464574803246
1067.9791410324017,122.33432966114802
1068.9791215015332,28.420837598838297
1069.9791019706647,96.81889781672416
1070.9790824397962,136.37901465619058
1071.9790629089275,66.52507519272699
1072.979043378059,96.27826672136842
1073.9790238471905,31.267746409922843
1074.979004316322,116.42923359450428
1075.9789847854533,64.26252610806588
1076.9789652545849,42.28562152252687
1077.9789457237164,68.08133785114659
1078.978926192848,33.92036786765435
1079.9789066619794,10.072312250386828
1080.9788871311107,19.032936426906456
1081.9788676002422,29.352740382770623
1082.9788480693737,75.84471054178705
1083.9788285385052,110.4096425736945
1084.9788090076365,8.096576373208157
1085.978789476768,51.35517440845734
1086.9787699458996,27.777768290046136
1087.978750415031,79.23832787661227
1088.9787308841624,72.86065622670837
1089.9787113532939,82.53007400133855
1090.9786918224254,54.568619626851245
1091.978672291557,30.965227676314093
1092.9786527606884,34.70154290460701
1093.9786332298197,99.52845016894531
1094.9786136989512,62.33444022870889
1095.9785941680827,180.8095870339596
1096.9785746372143,121.02440215426523
1097.9785551063455,18.912234637370624
1098.978535575477,123.1795957847693
1099.9785160446086,96.42614143517049
1100.97849651374,117.33693510819309
1101.9784769828714,79.6562913154969
1102.9784574520029,86.10377351670616
1103.9784379211344,44.98590606895647
1104.978418390266,60.36617311748769
1105.9783988593974,24.73450859380987
1106.9783793285287,60.86710340763155
1107.9783597976602,20.061525562476614
1108.9783402667917,37.63796198979904
1109.9783207359233,70.42596154719234
1110.9783012050545,15.7657929183947
1111.978281674186,104.01188464526071
1112.9782621433176,35.891780899465985
1113.978242612449,38.434808460473434
1114.9782230815804,46.22580262912476
1115.978203550712,116.99467354907475
1116.9781840198434,94.8494502116781
1117.978164488975,142.59287820277106
1118.9781449581064,21.349407196157273
1119.9781254272377,73.40417277522612
1120.9781058963692,153.74973514855853
1121.9780863655008,319.8156445152667
1122.9780668346323,108.88343432300937
1123.9780473037636,55.60581360906894
1124.978027772895,1472.070611674781
1125.9780082420266,93.61556261559693
1126.977988711158,59.761158732497286
1127.9779691802894,107.35637742992306
1128.977949649421,67.6722819460681
1129.9779301185524,186.79146519299715
1130.977910587684,127.17523002913843
1131.9778910568155,36.50153347464798
1132.9778715259467,70.34001358637678
1133.9778519950783,115.32677651993015
1134.9778324642098,42.858883455310995
1135.9778129333413,128.4184104362178
1136.9777934024726,42.41079470933281
1137.977773871604,37.66663654594702
1138.9777543407356,41.51206812852576
1139.9777348098671,61.17217452730354
1140.9777152789984,75.18629592358144
1141.97769574813,139.67377807768443
1142.9776762172614,93.72416932785106
1143.977656686393,65.1803588564104
1144.9776371555245,60.60795489342041
1145.9776176246557,69.42685346053466
1146.9775980937873,103.04051311859422
1147.9775785629188,120.4242324233431
1148.9775590320503,411.6068600041264
1149.9775395011816,637.7550648874499
1150.977519970313,167.61018115770636
1151.9775004394446,149.6745407006558
1152.9774809085761,113.41039882985373
1153.9774613777074,58.56092728351623
1154.977441846839,100.48559465018027
1155.9774223159704,93.06812305275106
1156.977402785102,33.41541734422382
1157.9773832542335,89.48583921905286
1158.9773637233648,139.2745409598443
1159.9773441924963,153.01822293650784
1160.9773246616278,59.508587420173335
1161.9773051307593,175.59353676432016
1162.9772855998906,47.01466320455202
1163.977266069022,126.49982613395397
1164.9772465381536,213.2936391054154
1165.9772270072851,35.73189112123492
1166.9772074764164,116.57200784107638
1167.977187945548,17.33612875372991
1168.9771684146795,91.0687892287107
1169.977148883811,89.04626304351304
1170.9771293529425,112.15227862893498
1171.9771098220738,120.97553255176469
1172.9770902912053,130.0400449516398
1173.9770707603368,73.01176274029102
1174.9770512294683,35.48242057224274
1175.9770316985996,69.38268495716801
1176.9770121677311,167.13416311539572
1177.9769926368626,42.44929484085507
1178.9769731059941,92.59349874635005
1179.9769535751254,122.33100536735489
1180.976934044257,45.13755467390107
1181.9769145133885,74.31281095015991
1182.97689498252,22.279475867880098
1183.9768754516515,54.955413311216006
1184.9768559207828,39.69984532901673
1185.9768363899143,51.052296598403
1186.9768168590458,63.53369897459574
1187.9767973281773,55.36378252162595
1188.9767777973086,64.4258223808617
1189.9767582664401,19.48758578184527
1190.9767387355716,67.06111434195759
1191.9767192047032,63.51539653247073
1192.9766996738344,36.5755528573005
1193.976680142966,49.324200056728756
1194.9766606120975,36.51950852021095
1195.976641081229,47.99967530572394
1196.9766215503605,22.67933542160899
1197.9766020194918,47.50548718625351
1198.9765824886233,52.26599727559631
1199.9765629577548,101.07624032972127
1200.9765434268863,67.54288606336172
1201.9765238960176,26.84350920251254
1202.9765043651491,108.98501780516574
1203.9764848342807,140.0643045114463
1204.9764653034122,101.88794226798007
1205.9764457725435,100.42398170273029
1206.976426241675,76.53677527842734
1207.9764067108065,160.6016303288693
1208.976387179938,24.091493881219815
1209.9763676490695,77.61765809804879
1210.9763481182008,18.424665136180465
1211.9763285873323,153.92596651209317
1212.9763090564638,85.2864581211654
1213.9762895255953,119.42167066889812
1214.9762699947266,84.08641753381507
1215.9762504638582,31.76596318229901
1216.9762309329897,41.8147298276506
1217.9762114021212,77.08391901007711
1218.9761918712525,28.24565796325454
1219.976172340384,69.6791575318241
1220.9761528095155,29.07201677447231
1221.976133278647,26.93894700126946
1222.9761137477785,175.58367989072028
1223.9760942169098,100.02410368478387
1224.9760746860413,62.90696444961832
1225.9760551551728,215.13527098219285
1226.9760356243044,121.13914991429571
1227.9760160934356,163.3424041093683
1228.9759965625672,138.75609534446505
1229.9759770316987,254.82259318911989
1230.9759575008302,310.4363329734698
1231.9759379699615,376.91659531400836
1232.975918439093,168.0751470205935
1233.9758989082245,114.29351534105675
1234.975879377356,329.30504854703554
1235.9758598464875,255.45209747701895
1236.9758403156188,137.9744628228569
1237.9758207847503,117.64957474463793
1238.9758012538819,49.31891239016231
1239.9757817230134,138.03849276173193
1240.9757621921447,157.73577238012743
1241.9757426612762,173.35089514617857
1242.9757231304077,67.95861635432969
1243.9757035995392,53.303299653564345
1244.9756840686705,13.348618415754789
1245.975664537802,166.7680414404954
1246.9756450069335,179.3743725673696
1247.975625476065,83.27393331814314
1248.9756059451965,134.84491632082904
1249.9755864143278,347.71932328405205
1250.9755668834594,22.8678998818028
1251.9755473525909,56.39903740688674
1252.9755278217224,5.63810973487611
1253.9755082908537,59.88520255198343
1254.9754887599852,94.63278115039051
1255.9754692291167,5.870402380206348
1256.9754496982482,30.763279986522708
1257.9754301673795,48.130913097487216
1258.975410636511,33.930922924748835
1259.9753911056425,73.17892717153289
1260.975371574774,20.43950979328999
1261.9753520439056,66.85185052251425
1262.9753325130368,64.99857400459365
1263.9753129821684,17.799163051233116
1264.9752934512999,165.99381153940473
1265.9752739204314,89.62328231001541
1266.9752543895627,137.0909878011212
1267.9752348586942,53.26920627148633
1268.9752153278257,39.641425677127145
1269.9751957969572,37.3971011612552
1270.9751762660885,32.05808547225074
1271.97515673522,54.363482001085366
1272.9751372043515,48.08779781051604
1273.975117673483,80.26865393949937
1274.9750981426146,40.47989404682257
1275.9750786117459,90.66300883150987
1276.9750590808774,18.024550647600098
1277.975039550009,19.23355778411357
1278.9750200191404,25.0705253310346
1279.9750004882717,50.341203907705236
1280.9749809574032,44.21202919305364
1281.9749614265347,94.91502902398308
1282.9749418956662,40.512662644971996
1283.9749223647975,16.220328472210348
1284.974902833929,54.32329954739752
1285.9748833030606,39.86421108376472
1286.974863772192,69.4313813616279
1287.9748442413236,33.64005173389473
1288.9748247104549,88.8020771156989
1289.9748051795864,39.456309562795354
1290.974785648718,38.03687463690886
1291.9747661178494,33.59070819486568
1292.9747465869807,32.66266255758623
1293.9747270561122,39.897755835611555
1294.9747075252437,142.30603593720622
1295.9746879943752,104.37116429143212
1296.9746684635065,56.1820857558656
1297.974648932638,160.05408280785497
1298.9746294017696,56.21158388988428
1299.974609870901,33.70082232679451
1300.9745903400326,76.03486796793325
1301.9745708091639,30.381262579247746
1302.9745512782954,21.918655637221622
1303.974531747427,27.77453654080685
1304.9745122165584,51.458127085028096
1305.9744926856897,27.668276282381765
1306.9744731548212,55.76531038866312
1307.9744536239527,36.07798442195107
1308.9744340930843,8.973204683312847
1309.9744145622155,60.49592912587267
1310.974395031347,72.53701899424914
1311.9743755004786,215.11125903934865
1312.97435596961,93.82964479683221
1313.9743364387416,96.17137596271081
1314.974316907873,53.86923021478542
1315.9742973770044,67.25447154033495
1316.974277846136,62.5542209620545
1317.9742583152674,58.65970940341094
1318.9742387843987,46.76112433079883
1319.9742192535302,83.39496487022987
1320.9741997226618,45.46842412631682
1321.9741801917933,22.31818975256944
1322.9741606609246,8.430491963512281
1323.974141130056,45.532985626103304
1324.9741215991876,75.45392684194488
1325.974102068319,130.62163250540024
1326.9740825374506,130.71995605607603
1327.974063006582,40.46019752737525
1328.9740434757134,138.59481008308725
1329.974023944845,36.798895717143026
1330.9740044139764,71.8783735033198
1331.9739848831077,18.092571410056696
1332.9739653522392,52.161661468802855
1333.9739458213708,74.0061430551715
1334.9739262905023,79.83986369395672
1335.9739067596336,192.40176077247585
1336.973887228765,179.25345499893373
1337.9738676978966,59.89994742286215
1338.973848167028,92.03751465854832
1339.9738286361596,14.984823577152808
1340.973809105291,3.7569283972479965
1341.9737895744224,99.86817934564073
1342.973770043554,73.84053229450664
1343.9737505126855,64.43243497814636
1344.9737309818167,145.88881302573637
1345.9737114509483,149.61725444485134
1346.9736919200798,40.46300785584188
1347.9736723892113,51.31536558353767
1348.9736528583426,19.753191964243687
1349.973633327474,20.858349563996722
1350.9736137966056,116.13416199543815
1351.9735942657371,19.86270820169874
1352.9735747348686,43.64757912770359
1353.973555204,38.205426268429335
1354.9735356731314,41.7226236782987
1355.973516142263,56.87631796958948
1356.9734966113945,37.12532166328905
1357.9734770805258,120.1974357464634
1358.9734575496573,100.62250063926491
1359.9734380187888,36.96676118092537
1360.9734184879203,47.406689924055584
1361.9733989570516,38.0252934707355
1362.973379426183,8.680022838070554
1363.9733598953146,31.132798039048275
1364.9733403644461,32.906149500683235
1365.9733208335776,72.16047504702473
1366.973301302709,101.23242367294792
1367.9732817718404,123.37090353271788
1368.973262240972,54.12676698717029
1369.9732427101035,72.28237788346007
1370.9732231792348,9.342000590732763
1371.9732036483663,6.742925739848383
1372.9731841174978,98.29884399779283
1373.9731645866293,33.043168975690456
1374.9731450557606,1020.8233983629341
1375.973125524892,111.63148410189048
1376.9731059940236,29.06522561203968
1377.9730864631551,32.324066424551994
1378.9730669322867,86.93215612352056
1379.973047401418,13.254808726589259
1380.9730278705495,55.22037953794054
1381.973008339681,35.50077067848673
1382.9729888088125,119.16904309012024
1383.9729692779438,40.53486296014469
1384.9729497470753,40.5152632106166
1385.9729302162068,85.10036885863748
1386.9729106853383,28.185908386274477
1387.9728911544696,51.75952012899694
1388.9728716236011,66.80011154948107
1389.9728520927326,93.05080638987589
1390.9728325618642,103.42412000664855
1391.9728130309957,22.76132223748279
1392.972793500127,20.49834565954487
1393.9727739692585,94.98453251544665
1394.97275443839,144.18482027674403
1395.9727349075215,66.8311147305141
1396.9727153766528,38.2683524256914
1397.9726958457843,56.75866230737754
1398.9726763149158,62.603505191872706
1399.9726567840473,127.48428459182347
1400.9726372531786,47.528950065625146
1401.9726177223101,111.437713622956
1402.9725981914416,57.847574627891795
1403.9725786605732,44.08169484462494
1404.9725591297047,57.928087915120216
1405.972539598836,103.03185676620997
1406.9725200679675,44.06268703915576
1407.972500537099,62.78072216084555
1408.9724810062305,31.526376099663963
1409.9724614753618,65.36842112383147
1410.9724419444933,43.256206013496275
1411.9724224136248,50.6112336461914
1412.9724028827563,115.77317658845756
1413.9723833518876,79.89688835238061
1414.9723638210191,43.37606122315287
1415.9723442901507,68.35147765015685
1416.9723247592822,121.24813770011019
1417.9723052284137,139.7575586060466
1418.972285697545,108.46956490656491
1419.9722661666765,30.946291230331845
1420.972246635808,737.7126875611809
1421.9722271049395,367.8277290222489
1422.9722075740708,204.7672549967817
1423.9721880432023,52.518224225818955
1424.9721685123338,60.7386061327622
1425.9721489814654,53.029518814284415
1426.9721294505966,24.532012019239716
1427.9721099197282,61.128068021691234
1428.9720903888597,54.94887341299651
1429.9720708579912,35.951004635943185
1430.9720513271227,9.804275581188861
1431.972031796254,16.19756332620423
1432.9720122653855,23.427268621748603
1433.971992734517,27.631768014554122
1434.9719732036485,65.66347045814427
1435.9719536727798,34.38426009243671
1436.9719341419113,82.04427631498037
1437.9719146110428,238.32274036021002
1438.9718950801744,224.47292234487125
1439.9718755493057,151.40044818628894
1440.9718560184372,111.54013623412537
1441.9718364875687,186.20076064608153
1442.9718169567002,138.1168066630776
1443.9717974258315,162.15286450553774
1444.971777894963,136.22478997488818
1445.9717583640945,50.794581944075816
1446.971738833226,24.872361292143573
1447.9717193023575,110.47889072232338
1448.9716997714888,69.78928434970788
1449.9716802406203,78.83618791641197
1450.9716607097519,86.80408893902157
1451.9716411788834,204.28602298332876
1452.9716216480147,116.55457348465859
1453.9716021171462,84.38112512100817
1454.9715825862777,1.0775220216710926
1455.9715630554092,100.61243419315716
1456.9715435245405,88.25996158855023
1457.971523993672,6.211471587159497
1458.9715044628035,34.1748804585431
1459.971484931935,46.60010471583019
1460.9714654010666,80.9273560379137
1461.9714458701978,68.53054316658927
1462.9714263393294,58.09623601294915
1463.9714068084609,83.11787115206585
1464.9713872775924,22.352835011144034
1465.9713677467237,74.35820096113387
1466.9713482158552,89.19213084636978
1467.9713286849867,51.62369249662226
1468.9713091541182,50.06365293049857
1469.9712896232495,105.54439391548148
1470.971270092381,55.54654974027828
1471.9712505615125,74.61956090142843
1472.971231030644,80.62168698473339
1473.9712114997756,117.00690501231782
1474.9711919689069,108.02133114186904
1475.9711724380384,132.22642807672378
1476.9711529071699,209.95354295619435
1477.9711333763014,159.5775306739378
1478.9711138454327,232.39909171915585
1479.9710943145642,29.23869070656416
1480.9710747836957,71.9503782763096
1481.9710552528272,107.7973656337357
1482.9710357219585,86.07792558587757
1483.97101619109,59.386389058479736
1484.9709966602215,132.90579498624575
1485.970977129353,75.23220312912935
1486.9709575984846,39.88398732812385
1487.9709380676159,246.9198493916927
1488.9709185367474,266.43817355290616
1489.970899005879,73.5712828156109
1490.9708794750104,206.93776299790204
1491.9708599441417,300.0649469641863
1492.9708404132732,281.48416877802276
1493.9708208824047,312.0912411153496
1494.9708013515362,292.9638867074235
1495.9707818206675,318.34558097691223
1496.970762289799,502.29424076302234
1497.9707427589306,1091.5433434965807
1498.970723228062,459.54771847754387
1499.9707036971936,3728.4821365886664
1500.9706841663249,493.6671904764613
1501.9706646354564,241.22988617398303
1502.970645104588,183.85520327512157
1503.9706255737194,181.6527800360297
1504.9706060428507,176.23013432834054
1505.9705865119822,193.61737061801327
1506.9705669811137,116.0516613306087
1507.9705474502452,193.97049232297363
1508.9705279193765,196.46097249470986
1509.970508388508,70.55127584966247
1510.9704888576396,102.02648867878752
1511.970469326771,47.296758406422214
1512.9704497959026,42.89005385416865
1513.9704302650339,66.14590132563629
1514.9704107341654,94.91813699899512
1515.970391203297,85.28937801412759
1516.9703716724284,97.91264365199213
1517.9703521415597,103.27766823942278
1518.9703326106912,63.21330194300614
1519.9703130798227,50.13948441411374
1520.9702935489543,14.62914117172066
1521.9702740180855,47.60996684222892
1522.970254487217,190.1088619838602
1523.9702349563486,87.2363609956974
1524.97021542548,112.33483060509116
1525.9701958946116,37.00093866368696
1526.970176363743,59.17718131449303
1527.9701568328744,64.27152515748858
1528.970137302006,30.007246774370312
1529.9701177711374,198.52347308239123
1530.9700982402687,47.64206334705445
1531.9700787094002,47.78744025709867
1532.9700591785318,134.5914531850629
1533.9700396476633,82.34245383726545
1534.9700201167946,33.7417773831284
1535.970000585926,157.63928084127997
1536.9699810550576,75.06832899788903
1537.969961524189,40.45116671380655
1538.9699419933206,57.12328518969668
1539.969922462452,81.89495811761134
1540.9699029315834,90.94639766481819
1541.969883400715,83.1087196005956
1542.9698638698464,35.00291745209155
1543.9698443389777,71.64910373189014
1544.9698248081093,32.650831949361134
1545.9698052772408,36.920918061158055
1546.9697857463723,47.27193751480921
1547.9697662155036,57.071914104493715
1548.969746684635,19.095039902730143
1549.9697271537666,30.952891424105577
1550.969707622898,56.9152888911892
1551.9696880920296,56.07968225719088
1552.969668561161,25.422559855078692
1553.9696490302924,29.13137392007334
1554.969629499424,56.92242180552816
1555.9696099685555,73.31898322226854
1556.9695904376867,11.057099841999628
1557.9695709068183,39.30630137592241
1558.9695513759498,99.41892605143508
1559.9695318450813,65.9003197056286
1560.9695123142126,48.15285225532033
1561.969492783344,49.517260223952306
1562.9694732524756,64.25328964105165
1563.9694537216071,38.82155086443804
1564.9694341907386,65.62187621936154
1565.96941465987,54.807878422435394
1566.9693951290014,67.61785621371223
1567.969375598133,36.30197381015613
1568.9693560672645,53.837577621885124
1569.9693365363958,27.355203402550313
1570.9693170055273,26.467537275911788
1571.9692974746588,35.217523369615485
1572.9692779437903,50.28386099892418
1573.9692584129216,46.10248470159823
1574.969238882053,47.5654460803147
1575.9692193511846,43.21974118416346
1576.9691998203161,63.309071153757365
1577.9691802894476,122.49988663399407
1578.969160758579,191.82480037483953
1579.9691412277105,62.65309872577519
1580.969121696842,36.62376188650924
1581.9691021659735,34.12621060737553
1582.9690826351048,159.70575420855124
1583.9690631042363,97.27871416721892
1584.9690435733678,6.600974654730538
1585.9690240424993,67.15081183517815
1586.9690045116306,39.24096239578598
1587.9689849807621,35.051424155554976
1588.9689654498936,54.879795945061545
1589.9689459190251,26.47601448448136
1590.9689263881567,47.34014548094777
1591.968906857288,47.98674376156673
1592.9688873264195,72.67869110774414
1593.968867795551,35.3626653088849
1594.9688482646825,74.25562980123279
1595.9688287338138,18.369189233397393
1596.9688092029453,30.352082539261573
1597.9687896720768,21.539543064279677
1598.9687701412083,47.780209907050406
1599.9687506103396,30.950950106324434
1600.9687310794711,31.576989592635545
1601.9687115486026,43.31555145136056
1602.9686920177342,77.86829190296483
1603.9686724868657,10.815610858768284
1604.968652955997,54.473951472937415
1605.9686334251285,36.79467315954089
1606.96861389426,48.811826020652134
1607.9685943633915,36.02870201324614
1608.9685748325228,44.52719766783965
1609.9685553016543,75.59149056838464
1610.9685357707858,41.11946435504789
1611.9685162399173,22.269437653257167
1612.9684967090486,38.760595493816524
1613.9684771781801,51.19301423066416
1614.9684576473117,32.739728662834516
1615.9684381164432,4.730256575768936
1616.9684185855747,32.529188662407606
1617.968399054706,48.284748126673094
1618.9683795238375,61.19863921301624
1619.968359992969,58.54559127742151
1620.9683404621005,62.49235411843878
1621.9683209312318,43.97072640364059
1622.9683014003633,27.937439684826877
1623.9682818694948,67.9479261128559
1624.9682623386263,401.3512425638013
1625.9682428077576,60.25551200326101
1626.9682232768891,48.079582633975285
1627.9682037460207,46.02001514527773
1628.9681842151522,92.37569156414858
1629.9681646842837,46.52113438290295
1630.968145153415,97.44945315392233
1631.9681256225465,15.896873653036817
1632.968106091678,28.271559824677297
1633.9680865608095,22.399404277666342
1634.9680670299408,22.777391757041777
1635.9680474990723,44.27137891496005
1636.9680279682038,32.880430309077134
1637.9680084373354,55.086609991095344
1638.9679889064666,44.10103279555355
1639.9679693755982,75.20176028938832
1640.9679498447297,39.97980530082613
1641.9679303138612,4.545601637361666
1642.9679107829927,18.889926313145203
1643.967891252124,58.572560064494446
1644.9678717212555,68.85936310664515
1645.967852190387,70.86327459829991
1646.9678326595185,30.277485676160197
1647.9678131286498,76.93827223081324
1648.9677935977813,45.5128681597213
1649.9677740669129,35.8804783668824
1650.9677545360444,51.811596132930134
1651.9677350051757,23.78034671348109
1652.9677154743072,44.68586218860386
1653.9676959434387,54.738370613622095
1654.9676764125702,37.39695781424235
1655.9676568817017,99.66068250913867
1656.967637350833,65.4065835531071
1657.9676178199645,24.609172269231063
1658.967598289096,55.48837582759879
1659.9675787582275,57.69950969389224
1660.9675592273588,110.7540023634041
1661.9675396964903,28.155712469466845
1662.9675201656219,58.10349270798974
1663.9675006347534,46.06841170424994
1664.9674811038847,105.75926457176068
1665.9674615730162,181.54055363829968
1666.9674420421477,85.46334727636386
1667.9674225112792,191.0725418617116
1668.9674029804107,17.389435476246202
1669.967383449542,86.17489003248363
1670.9673639186735,133.150097408359
1671.967344387805,21.983186451520424
1672.9673248569366,102.04255139648318
1673.9673053260678,56.88238932807749
1674.9672857951994,1.583282926235747
1675.9672662643309,29.424139117800078
1676.9672467334624,81.36253690706504
1677.9672272025937,27.136467690870592
1678.9672076717252,12.282658098147396
1679.9671881408567,14.790881390962403
1680.9671686099882,37.172759062961376
1681.9671490791197,50.472001430015084
1682.967129548251,74.95632894449618
1683.9671100173825,67.3317360338423
1684.967090486514,18.779031389566796
1685.9670709556456,39.99521529809491
1686.9670514247769,90.57852683684622
1687.9670318939084,106.84274912424928
1688.9670123630399,11.164658989839893
1689.9669928321714,8.469556703988433
1690.9669733013027,40.05557676096292
1691.9669537704342,23.52188012244209
1692.9669342395657,81.13671574106493
1693.9669147086972,23.93374788624394
1694.9668951778287,68.79733661745112
1695.96687564696,42.76283256585866
1696.9668561160915,23.033129463176575
1697.966836585223,20.12068023243606
1698.9668170543546,38.600123258295426
1699.9667975234859,22.278439044949007
1700.9667779926174,35.27659138811874
1701.966758461749,27.7124789675059
1702.9667389308804,78.22418506889704
1703.9667194000117,62.81665389914229
1704.9666998691432,56.80335202680588
1705.9666803382747,90.86234320344643
1706.9666608074062,46.70908249244174
1707.9666412765378,37.47860300339265
1708.966621745669,18.697435228497632
1709.9666022148006,28.185474808229433
1710.966582683932,77.35997475345613
1711.9665631530636,62.32834428690695
1712.9665436221949,88.272804875685
1713.9665240913264,30.06270713279771
1714.966504560458,116.4377901107665
1715.9664850295894,1.1922873071945634
1716.9664654987207,74.78306116576583
1717.9664459678522,110.68522018397044
1718.9664264369837,14.658592298821112
1719.9664069061153,30.88230307969171
1720.9663873752468,30.824314705141
1721.966367844378,54.35801588863569
1722.9663483135096,138.1020533353197
1723.966328782641,69.36998718980232
1724.9663092517726,42.660953697020965
1725.966289720904,30.79960158281868
1726.9662701900354,30.568635392886325
1727.966250659167,35.51811185603552
1728.9662311282984,23.129192787955194
1729.9662115974297,14.777249351761151
1730.9661920665612,23.93277257195491
1731.9661725356927,15.789684460793405
1732.9661530048243,40.21072754117105
1733.9661334739558,13.604159863551345
1734.966113943087,48.46197849009542
1735.9660944122186,38.634099844226775
1736.96607488135,41.09527924502023
1737.9660553504816,18.804833908181397
1738.966035819613,37.25696524618258
1739.9660162887444,46.876642948383456
1740.965996757876,31.936550671936438
1741.9659772270074,106.0829689569029
1742.9659576961387,121.99131460158823
1743.9659381652702,31.73359934617812
1744.9659186344018,99.32320499728128
1745.9658991035333,60.691145888977516
1746.9658795726648,27.85597112935552
1747.965860041796,107.52397436428046
1748.9658405109276,114.36048593455943
1749.965820980059,220.83760553091486
1750.9658014491906,107.38823601393494
1751.965781918322,100.83591639154048
1752.9657623874534,52.19375957752607
1753.965742856585,41.77162122036894
1754.9657233257165,54.7804376825141
1755.9657037948477,15.461991140695593
1756.9656842639793,20.2537672113263
1757.9656647331108,39.06856272362243
1758.9656452022423,35.520590882177636
1759.9656256713738,58.307211557978455
1760.965606140505,65.90708984480035
1761.9655866096366,64.93644159281814
1762.9655670787681,13.00195136915527
1763.9655475478996,36.83367315326566
1764.965528017031,43.12327329426612
1765.9655084861624,39.337599777009146
1766.965488955294,12.012182830739231
1767.9654694244255,34.34591308836043
1768.9654498935568,9.171912980682336
1769.9654303626883,24.616861109730937
1770.9654108318198,35.77027700314967
1771.9653913009513,25.49667420998067
1772.9653717700828,56.4907654333746
1773.965352239214,26.134924102492928
1774.9653327083456,50.17835245880358
1775.9653131774771,39.92950198059982
1776.9652936466086,67.12400066558315
1777.96527411574,95.9866363108082
1778.9652545848714,12.854752199155424
1779.965235054003,50.564689187828506
1780.9652155231345,43.87493740349986
1781.9651959922658,45.52368917972862
1782.9651764613973,49.01490259439445
1783.9651569305288,18.410138257019433
1784.9651373996603,36.17909239397286
1785.9651178687918,78.21756144372794
1786.965098337923,123.4240893378349
1787.9650788070546,66.85089779831179
1788.9650592761861,141.77288090744298
1789.9650397453177,51.58913035540844
1790.965020214449,99.83901252856272
1791.9650006835805,51.67715196100602
1792.964981152712,88.35955360562515
1793.9649616218435,182.84698634667632
1794.9649420909748,56.41010613864261
1795.9649225601063,111.21197914357963
1796.9649030292378,131.49988888241754
1797.9648834983693,108.06037472792686
1798.9648639675008,89.60748370218134
1799.9648444366321,20.201978563320207
1800.9648249057636,45.278575356606986
1801.9648053748951,59.63769568285197
1802.9647858440267,29.559669562901593
1803.964766313158,109.28479527144077
1804.9647467822895,39.15567700426184
1805.964727251421,21.091038207486807
1806.9647077205525,21.945797128239622
1807.9646881896838,67.24786069814375
1808.9646686588153,50.34220927324403
1809.9646491279468,6.400775280783141
1810.9646295970783,57.884835648253954
1811.9646100662098,79.57838380413126
1812.9645905353411,112.17440377356908
1813.9645710044726,42.62057689787905
1814.9645514736042,79.33172024034033
1815.9645319427357,63.668682627499216
1816.964512411867,52.33846377799248
1817.9644928809985,45.76118991568099
1818.96447335013,39.52615464989089
1819.9644538192615,34.31920642275138
1820.9644342883928,73.12457191556145
1821.9644147575243,69.06741487599952
1822.9643952266558,35.783895943723635
1823.9643756957873,93.28266195043099
1824.9643561649189,32.26227578031654
1825.9643366340501,61.62723540414305
1826.9643171031817,62.9870374204158
1827.9642975723132,33.102111213451096
1828.9642780414447,53.48756744254971
1829.964258510576,128.82654946533225
1830.9642389797075,87.49497793913852
1831.964219448839,44.60817320075458
1832.9641999179705,84.91351004701411
1833.9641803871018,99.21758368352333
1834.9641608562333,95.06690218980087
1835.9641413253648,69.5031152725369
1836.9641217944964,98.84623414962172
1837.9641022636279,133.70714164648382
1838.9640827327592,98.37046730481096
1839.9640632018907,30.67322263269184
1840.9640436710222,95.71965075020378
1841.9640241401537,62.94586068097053
1842.964004609285,58.80722989574139
1843.9639850784165,100.41104240043832
1844.963965547548,19.99780012744444
1845.9639460166795,16.267992983653237
1846.9639264858108,79.20535858311537
1847.9639069549423,35.855393834106614
1848.9638874240738,32.71975049325907
1849.9638678932054,263.29723277350763
1850.9638483623366,140.92456409448806
1851.9638288314682,212.45608965166525
1852.9638093005997,21.807907346086175
1853.9637897697312,42.08868532768774
1854.9637702388627,98.13532182169322
1855.963750707994,182.66706382967556
1856.9637311771255,153.50017036837508
1857.963711646257,90.31592056055096
1858.9636921153885,104.91780347185858
1859.9636725845198,39.46308296674573
1860.9636530536513,219.39582247433052
1861.9636335227829,178.76583881177305
1862.9636139919144,79.18288791067785
1863.9635944610457,67.54848380553203
1864.9635749301772,81.09994910997938
1865.9635553993087,18.74858640092761
1866.9635358684402,49.47775904924564
1867.9635163375717,100.39698533610115
1868.963496806703,96.95480586378756
1869.9634772758345,67.54010233984701
1870.963457744966,53.38997025127074
1871.9634382140976,31.013033700170446
1872.9634186832288,84.34202077377871
1873.9633991523604,168.68107433983258
1874.9633796214919,560.0402793945959
1875.9633600906234,87.24991612321102
1876.9633405597547,30.133083903754045
1877.9633210288862,95.37745283920766
1878.9633014980177,61.22211916007156
1879.9632819671492,94.82526855727855
1880.9632624362807,88.24749892732464
1881.963242905412,75.04613961918137
1882.9632233745435,21.35056958365175
1883.963203843675,69.12141039596065
1884.9631843128066,27.655455646282693
1885.9631647819378,172.607473996281
1886.9631452510694,76.05653464517648
1887.9631257202009,59.55028138215809
1888.9631061893324,83.50828614801097
1889.9630866584637,60.12411523049168
1890.9630671275952,60.75380148621
1891.9630475967267,42.530865349509355
1892.9630280658582,46.88406077465784
1893.9630085349897,59.752031809394005
1894.962989004121,104.59960585528295
1895.9629694732525,82.46885842451336
1896.962949942384,122.6747397941217
1897.9629304115156,34.320096454403114
1898.9629108806469,62.532829169479164
1899.9628913497784,169.8549799073873
1900.96287181891,66.96146716070068
1901.9628522880414,144.8786039495188
1902.9628327571727,70.69096375998238
1903.9628132263042,160.89757682862498
1904.9627936954357,117.06223404473319
1905.9627741645672,116.79440183837478
1906.9627546336988,83.76365842851244
1907.96273510283,99.78135880269737
1908.9627155719616,135.30328503632666
1909.962696041093,14.88651092136146
1910.9626765102246,33.42195330607967
1911.9626569793559,238.48328056010592
1912.9626374484874,172.27382395730785
1913.962617917619,20.938374595021337
1914.9625983867504,76.03118487864158
1915.9625788558817,26.757407231332333
1916.9625593250132,36.62757468282403
1917.9625397941447,97.0701557527721
1918.9625202632762,133.33032878349456
1919.9625007324078,79.56283591530325
1920.962481201539,124.75504676606698
1921.9624616706706,16.015598104714307
1922.962442139802,84.0313035666158
1923.9624226089336,81.60150493708305
1924.9624030780649,147.54958282403697
1925.9623835471964,136.5750435266052
1926.962364016328,101.88732763183376
1927.9623444854594,142.32168136103382
1928.9623249545907,202.3152101458541
1929.9623054237222,93.2946137422374
1930.9622858928537,240.09376403175793
1931.9622663619853,220.1828193173724
1932.9622468311168,84.42736071254127
1933.962227300248,109.93987767997473
1934.9622077693796,121.00608607871995
1935.962188238511,136.21968810224118
1936.9621687076426,228.2898300597315
1937.962149176774,66.83779257558916
1938.9621296459054,161.62741425452094
1939.962110115037,88.13716223286427
1940.9620905841684,118.33006421143935
1941.9620710532997,62.5303138063918
1942.9620515224312,162.19601710463056
1943.9620319915628,55.66573163999768
1944.9620124606943,68.05761117668948
1945.9619929298258,82.29223684762815
1946.961973398957,61.429551269009174
1947.9619538680886,48.4589343713036
1948.96193433722,69.90996683245223
1949.9619148063516,20.0100693629698
1950.961895275483,166.9166502366661
1951.9618757446144,108.27324708622301
1952.961856213746,175.4093996243247
1953.9618366828774,95.94980260731086
1954.9618171520087,201.5321626850282
1955.9617976211402,290.28433242413394
1956.9617780902718,96.23242761098491
1957.9617585594033,144.5041739299453
1958.9617390285348,54.14079097289631
1959.961719497666,234.21321177343907
1960.9616999667976,74.387103805481
1961.961680435929,137.28319548408902
1962.9616609050606,77.05185832716346
1963.961641374192,183.41816502738826
1964.9616218433234,111.82519830654287
1965.961602312455,35.05829664729391
1966.9615827815865,58.7341231975816
1967.9615632507177,100.31496497518569
1968.9615437198493,78.2409807286646
1969.9615241889808,24.832822248497717
1970.9615046581123,39.82393154506639
1971.9614851272438,31.531860516467205
1972.961465596375,47.98217733526073
1973.9614460655066,72.87913848490068
1974.9614265346381,71.93301813733112
1975.9614070037696,39.35244009995489
1976.961387472901,141.56083168994718
1977.9613679420324,50.49121339604755
1978.961348411164,106.96212472256259
1979.9613288802955,47.07112826642368
1980.9613093494268,131.26564127572738
1981.9612898185583,82.02217556071109
1982.9612702876898,44.13590143454164
1983.9612507568213,8.157171217545251
1984.9612312259528,143.8371365388551
1985.961211695084,106.7279641583866
1986.9611921642156,94.74540040822569
1987.9611726333471,208.54457828731015
1988.9611531024786,99.77318109740368
1989.96113357161,145.74729916239474
1990.9611140407414,153.53821451620848
1991.961094509873,105.82494512454814
1992.9610749790045,549.392283284781
1993.9610554481358,691.5274716932483
1994.9610359172673,328.4767576151349
1995.9610163863988,199.21202379880157
1996.9609968555303,144.19830545743596
1997.9609773246618,516.1472705236908
1998.960957793793,629.7295783455849
1999.9609382629246,984.7195624388243
2000.9609187320561,648.9027849667133
2001.9608992011877,620.7127199493011
2002.960879670319,169.84900652896837
2003.9608601394505,197.8567219383923
2004.960840608582,262.5829809954187
2005.9608210777135,175.6751300157871
2006.9608015468448,90.40272552788102
2007.9607820159763,244.5545511653464
2008.9607624851078,64.63278890720846
2009.9607429542393,76.9838810402952
2010.9607234233708,286.75891935733836
2011.9607038925021,128.84917122571696
2012.9606843616336,83.47863458958032
2013.9606648307652,47.07092573679926
2014.9606452998967,88.97695278123088
2015.960625769028,142.89085415367572
2016.9606062381595,93.258318983333
2017.960586707291,17.50468922071984
2018.9605671764225,103.96251029060564
2019.9605476455538,96.78305553143261
2020.9605281146853,395.6696740135733
2021.9605085838168,49.33340903732017
2022.9604890529483,183.82122683209363
2023.9604695220798,233.42145047889287
2024.9604499912111,190.0864435882225
2025.9604304603426,32.481844713710544
2026.9604109294742,366.6551048933108
2027.9603913986057,109.39589265745877
2028.960371867737,253.5301234504095
2029.9603523368685,84.2757663744386
2030.960332806,67.34178832455557
2031.9603132751315,73.71175521395215
2032.9602937442628,84.8550498552151
2033.9602742133943,55.662502642276394
2034.9602546825258,31.10938035104235
2035.9602351516573,134.22368548959417
2036.9602156207889,14.74719431834389
2037.9601960899201,202.12565412803124
2038.9601765590517,107.36825949809244
2039.9601570281832,70.51360517171828
2040.9601374973147,160.52214095680642
2041.960117966446,169.51893813064106
2042.9600984355775,60.19487514951401
2043.960078904709,57.624443204454494
2044.9600593738405,37.16056908007893
2045.9600398429718,83.28626876551903
2046.9600203121033,112.12033395004745
2047.9600007812348,43.34978990306187
2048.959981250366,90.922390072122
2049.9599617194976,35.7076908758462
2050.959942188629,49.92779920395657
2051.9599226577607,38.088289486576315
2052.959903126892,63.68016101602933
2053.9598835960237,34.09897408275313
2054.959864065155,50.314384840529144
2055.9598445342867,37.156236919155845
2056.959825003418,26.382562873737264
2057.9598054725493,83.5824030933608
2058.959785941681,91.1324529541867
2059.9597664108123,32.33793101841111
2060.959746879944,50.60039240768373
2061.9597273490754,37.40354815765706
2062.959707818207,62.15136565782129
2063.9596882873384,40.314571644968375
2064.95966875647,70.63419484217796
2065.959649225601,19.920298907016647
2066.9596296947325,47.14228987516949
2067.959610163864,42.84925566662503
2068.9595906329955,37.514088986240154
2069.959571102127,81.26869300610144
2070.9595515712585,88.0604186346068
2071.95953204039,44.633689256544926
2072.9595125095216,95.69276417893124
2073.9594929786526,27.571171542223173
2074.959473447784,60.541649872769845
2075.9594539169157,54.918565255743346
2076.959434386047,35.001281528592735
2077.9594148551787,65.42016433360864
2078.95939532431,35.607463879624916
2079.9593757934417,39.61922652023299
2080.9593562625732,19.433623034564327
2081.9593367317048,138.13396041802497
2082.959317200836,74.0705689684862
2083.9592976699673,94.59400261490721
2084.959278139099,50.76909283148673
2085.9592586082304,10.754914559239335
2086.959239077362,109.54899325214902
2087.9592195464934,41.645693843653184
2088.959200015625,108.56113910171577
2089.9591804847564,99.97684702046115
2090.959160953888,77.34989905116754
2091.959141423019,24.54731978682623
2092.9591218921505,37.720846702025796
2093.959102361282,48.540297768155135
2094.9590828304135,91.27185789991967
2095.959063299545,56.34087885344402
2096.9590437686766,194.16439683165342
2097.959024237808,49.081217378710285
2098.9590047069396,29.94536501026758
2099.9589851760707,55.830501138424175
2100.958965645202,62.84346433143397
2101.9589461143337,66.23082931085852
2102.958926583465,28.22192347947002
2103.9589070525967,18.276685835512495
2104.9588875217282,81.4598824175318
2105.9588679908597,17.542335114316987
2106.9588484599913,35.65535762717637
2107.958828929123,119.43142077717609
2108.958809398254,55.91889298068
2109.9587898673853,93.0248053664841
2110.958770336517,40.49114990762838
2111.9587508056484,51.62036664483141
2112.95873127478,79.55005814192
2113.9587117439114,122.32940917832313
2114.958692213043,132.42297729577308
2115.9586726821744,104.55043595814082
2116.958653151306,25.50779551480601
2117.958633620437,160.8989304828131
2118.9586140895685,99.44169041871125
2119.9585945587,198.02945038941988
2120.9585750278316,183.88709106351774
2121.958555496963,178.3737515606343
2122.9585359660946,195.35513163131566
2123.958516435226,136.70433605283063
2124.9584969043576,631.721176665278
2125.9584773734887,112.7603889742564
2126.95845784262,155.18505772362732
2127.9584383117517,216.1670042850881
2128.958418780883,199.97642445717236
2129.9583992500147,102.75969576221966
2130.9583797191463,86.97531701249713
2131.9583601882778,62.97748451768238
2132.9583406574093,50.52442286147361
2133.958321126541,204.53000088861592
2134.958301595672,100.81929634208497
2135.9582820648034,145.42988703367806
2136.958262533935,52.39728267708861
2137.9582430030664,39.10785380799827
2138.958223472198,118.44078774585036
2139.9582039413294,100.0306547864076
2140.958184410461,108.31884066347241
2141.9581648795925,57.47734359336648
2142.958145348724,42.12372933107295
2143.958125817855,44.39070829735755
2144.9581062869865,30.365787097959046
2145.958086756118,85.1108911417897
2146.9580672252496,86.1498260113563
2147.958047694381,145.23298598782893
2148.9580281635126,104.40618113867268
2149.958008632644,203.741971940505
2150.9579891017756,143.5843971527594
2151.9579695709067,80.33425034280633
2152.957950040038,46.26663055574897
2153.9579305091697,97.91361157242933
2154.9579109783012,200.23011517064333
2155.9578914474328,134.10115016388266
2156.9578719165643,219.45026943484876
2157.957852385696,117.53028576416808
2158.9578328548273,49.4372472935456
2159.957813323959,21.27695200938175
2160.95779379309,60.59580290784205
2161.9577742622214,124.38276458255947
2162.957754731353,142.1621880886091
2163.9577352004844,102.89101421705531
2164.957715669616,40.54311224906092
2165.9576961387475,235.24178823168404
2166.957676607879,40.58041778118398
2167.9576570770105,98.88690096666146
2168.957637546142,78.1296128731147
2169.957618015273,60.845564319921465
2170.9575984844046,82.54072753787632
2171.957578953536,157.77121738616646
2172.9575594226676,74.85514021954877
2173.957539891799,98.92839699159389
2174.9575203609306,91.70621487660425
2175.957500830062,106.65469819691788
2176.9574812991937,181.53960349284984
2177.9574617683247,142.27048728717526
2178.9574422374562,52.59375520938973
2179.9574227065877,162.3296861761247
2180.9574031757193,72.28913904000377
2181.957383644851,142.91533136340948
2182.9573641139823,219.00644387004957
2183.957344583114,71.40704162866008
2184.9573250522453,83.93354487047544
2185.957305521377,118.80386066568974
2186.957285990508,81.69388527992894
2187.9572664596394,51.7639127789765
2188.957246928771,92.94282300545615
2189.9572273979024,106.65990703471488
2190.957207867034,39.53720201304476
2191.9571883361655,32.07572885241305
2192.957168805297,60.8941126765915
2193.9571492744285,56.46656306829437
2194.95712974356,87.42847726133354
2195.957110212691,42.861373280287964
2196.9570906818226,73.27887735362864
2197.957071150954,19.888410826397816
2198.9570516200856,67.26120063939258
2199.957032089217,71.3713091923041
2200.9570125583487,117.94931412079356
2201.95699302748,43.64445949052149
2202.9569734966117,64.21652907034635
2203.9569539657427,75.19005557754048
2204.9569344348743,19.672752348649468
2205.9569149040058,33.42713055767755
2206.9568953731373,32.41787259841968
2207.956875842269,31.324254074236674
2208.9568563114003,55.74462692733014
2209.956836780532,77.11765471981863
2210.9568172496633,56.632681941099605
2211.956797718795,62.426259050880645
2212.956778187926,13.512259992588135
2213.9567586570574,51.85557905050986
2214.956739126189,18.840515264628458
2215.9567195953205,61.2161514038638
2216.956700064452,67.38031199515582
2217.9566805335835,94.36661119140099
2218.956661002715,71.34118012838557
2219.9566414718465,65.9589736427563
2220.956621940978,92.98252290859303
2221.956602410109,107.08048506901703
2222.9565828792406,75.57979064676525
2223.956563348372,70.00036890281126
2224.9565438175036,68.96437704877488
2225.956524286635,30.170246163021986
2226.9565047557667,42.85777224100861
2227.956485224898,139.84080277275018
2228.9564656940297,72.2786116455141
2229.9564461631608,221.6572737159578
2230.9564266322923,79.61537868188428
2231.956407101424,126.87460231535326
2232.9563875705553,39.67809688786528
2233.956368039687,21.74347422844444
2234.9563485088183,20.47633658115475
2235.95632897795,32.303682894851086
2236.9563094470814,24.074424021772913
2237.956289916213,25.37194826375556
2238.956270385344,96.16419923749632
2239.9562508544755,55.254423759292756
2240.956231323607,50.12216052040425
2241.9562117927385,90.82949307308417
2242.95619226187,54.64571024765285
2243.9561727310015,86.99607319148643
2244.956153200133,30.660853797131846
2245.9561336692645,40.50456061452209
2246.956114138396,92.95073553198209
2247.956094607527,47.89700305559238
2248.9560750766586,74.58127985545933
2249.95605554579,100.53864647785868
2250.9560360149217,73.3244642533259
2251.956016484053,89.69440492936961
2252.9559969531847,5.794056184393646
2253.955977422316,14.09075243388424
2254.9559578914477,80.94342322141824
2255.955938360579,34.79714985139059
2256.9559188297103,51.08995224713371
2257.955899298842,58.65100536835428
2258.9558797679733,92.49937324323197
2259.955860237105,40.877142493859154
2260.9558407062364,64.51256658288742
2261.955821175368,8.856089851842198
2262.9558016444994,32.302507609374935
2263.955782113631,96.82554486215011
2264.955762582762,88.8726583880474
2265.9557430518935,34.66039084839003
2266.955723521025,72.50740726154754
2267.9557039901565,52.001813377810414
2268.955684459288,46.3366142706864
2269.9556649284195,85.20793559579309
2270.955645397551,20.85179919147692
2271.9556258666826,27.43460760578404
2272.955606335814,168.83037990576315
2273.955586804945,70.9024346004759
2274.9555672740767,48.68217086843051
2275.955547743208,70.82172172156586
2276.9555282123397,71.99200933256243
2277.955508681471,34.286052609315135
2278.9554891506027,98.56039671183386
2279.9554696197342,151.86415127144608
2280.9554500888657,81.77877063783626
2281.955430557997,81.8418767189571
2282.9554110271283,65.3551555401116
2283.95539149626,35.07031024680494
2284.9553719653914,81.54163860056802
2285.955352434523,15.872525560592978
2286.9553329036544,123.25562580632031
2287.955313372786,22.801072711598334
2288.9552938419174,30.47767947166882
2289.955274311049,104.08977928077252
2290.95525478018,29.19162666901882
2291.9552352493115,44.22361820232189
2292.955215718443,43.26805239625216
2293.9551961875745,41.791381201120366
2294.955176656706,27.487921443176855
2295.9551571258376,48.967263049317566
2296.955137594969,33.281787150278696
2297.9551180641006,48.9598826031268
2298.955098533232,11.493465033932317
2299.955079002363,57.21098629301576
2300.9550594714947,86.87959472879213
2301.955039940626,83.45155308771567
2302.9550204097577,74.72682130766144
2303.955000878889,39.15103509725134
2304.9549813480207,25.273529142800225
2305.9549618171523,51.79391958905718
2306.9549422862838,95.64961075639815
2307.954922755415,98.54332550250327
2308.9549032245463,33.53582721533419
2309.954883693678,85.61007108133907
2310.9548641628094,62.04856080388201
2311.954844631941,44.89407942405115
2312.9548251010724,24.803908405617424
2313.954805570204,74.18297048630217
2314.9547860393354,30.130481648183924
2315.954766508467,17.708595129137937
2316.954746977598,146.77438308578652
2317.9547274467295,96.69134194433255
2318.954707915861,138.20643733275747
2319.9546883849926,15.407731156801514
2320.954668854124,35.74839299499277
2321.9546493232556,69.24253840007155
2322.954629792387,69.875944327803
2323.9546102615186,75.40672722906514
2324.95459073065,94.11153281592789
2325.954571199781,66.87152542562252
2326.9545516689127,104.94888832116727
2327.954532138044,129.03457664094827
2328.9545126071757,68.56125975319435
2329.9544930763072,15.136817779266886
2330.9544735454388,21.256101287731383
2331.9544540145703,51.86159140905406
2332.954434483702,59.04611780444702
2333.954414952833,39.7615550336732
2334.9543954219644,94.99311251879365
2335.954375891096,57.59543907629596
2336.9543563602274,107.33041407163024
2337.954336829359,152.4781174662849
2338.9543172984904,36.313876788287175
2339.954297767622,93.84356387862911
2340.9542782367535,165.02005014672517
2341.954258705885,113.2480864192617
2342.954239175016,102.59744098002852
2343.9542196441475,160.50503621146274
2344.954200113279,89.95444965048979
2345.9541805824106,63.418992463657915
2346.954161051542,80.5820979931801
2347.9541415206736,129.12592797220506
2348.954121989805,91.32473796591299
2349.9541024589366,124.84401918031695
2350.954082928068,89.44960149295
2351.954063397199,107.18830121654761
2352.9540438663307,14.728002303491516
2353.9540243354622,22.50812065118958
2354.9540048045938,82.03635467254398
2355.9539852737253,63.696220864433535
2356.953965742857,5.37520767449307
2357.9539462119883,36.725248300403244
2358.95392668112,56.93443163804125
2359.953907150251,67.44405069553541
2360.9538876193824,124.13618952239736
2361.953868088514,99.28123031051075
2362.9538485576454,91.3557570865303
2363.953829026777,125.20259515418073
2364.9538094959084,149.3954839583024
2365.95378996504,62.97714570759751
2366.9537704341715,48.17487355373855
2367.953750903303,52.143685487663916
2368.953731372434,106.77289556302273
2369.9537118415656,98.22107007809251
2370.953692310697,72.66295196915648
2371.9536727798286,127.65673092210369
2372.95365324896,42.01632465452834
2373.9536337180916,24.805988261431672
2374.953614187223,517.599716761807
2375.9535946563547,62.7415526677541
2376.953575125486,42.93259462411125
2377.9535555946172,68.08595215176813
2378.9535360637487,55.09127937497204
2379.9535165328803,76.4760907022391
2380.9534970020118,333.0008635209991
2381.9534774711433,66.8690923546669
2382.953457940275,98.84259313429641
2383.9534384094063,78.47179870467495
2384.953418878538,129.27115598406678
2385.953399347669,176.50559144564266
2386.9533798168004,85.58960364625463
2387.953360285932,86.01960186957879
2388.9533407550634,80.66465631679375
2389.953321224195,103.9257233523909
2390.9533016933265,44.836263512878055
2391.953282162458,57.001242194778925
2392.9532626315895,60.76836725550337
2393.953243100721,14.17493423290448
2394.953223569852,107.48871757493924
2395.9532040389836,17.60749661065338
2396.953184508115,70.00414296259383
2397.9531649772466,15.903983277646514
2398.953145446378,43.34432942466057
2399.9531259155096,20.170800298361744
2400.953106384641,52.420618632885606
2401.9530868537727,61.17632231906414
2402.953067322904,12.522137566087624
2403.9530477920352,32.98232998297151
2404.9530282611668,33.954740859493675
2405.9530087302983,35.20163932432626
2406.95298919943,69.03074341167306
2407.9529696685613,35.61444411141339
2408.952950137693,28.386034325465832
2409.9529306068243,17.382025270513545
2410.952911075956,49.35341043388541
2411.952891545087,99.56690830282771
2412.9528720142184,63.97390487491588
2413.95285248335,29.33716329935715
2414.9528329524815,82.24732573865714
2415.952813421613,38.041964447223585
2416.9527938907445,103.81255556870339
2417.952774359876,52.91039642802904
2418.9527548290075,150.80758362110024
2419.952735298139,15.1886846469813
2420.95271576727,11.154581923435739
2421.9526962364016,111.26494146264106
2422.952676705533,19.66366166863213
2423.9526571746646,70.62950917103716
2424.952637643796,93.06786005011287
2425.9526181129277,121.04386072244624
2426.952598582059,112.87119713082271
2427.9525790511907,123.85408189129167
2428.952559520322,37.25960491483982
2429.9525399894533,26.754231576805513
2430.952520458585,73.94438900941182
2431.9525009277163,70.8082970641124
2432.952481396848,57.54248740379529
2433.9524618659793,42.62677241112094
2434.952442335111,97.4236590273388
2435.9524228042424,88.5474848177045
2436.952403273374,123.82229696394944
2437.952383742505,35.5518450699655
2438.9523642116364,129.50545609421104
2439.952344680768,34.126485712398214
2440.9523251498995,27.726132206075604
2441.952305619031,31.56799911556998
2442.9522860881625,24.831722210401782
2443.952266557294,21.11228241415794
2444.9522470264255,109.96248442202152
2445.952227495557,29.877649234089724
2446.952207964688,23.10674554876127
2447.9521884338196,90.81131518679854
2448.952168902951,29.566059551292266
2449.9521493720827,23.81534052738309
2450.952129841214,13.591192378041729
2451.9521103103457,127.79000758689743
2452.952090779477,87.6509455408762
2453.9520712486087,110.07016944375142
2454.9520517177402,155.2196007684237
2455.9520321868713,126.22580596194913
2456.952012656003,47.04638710749657
2457.9519931251343,175.85596272580983
2458.951973594266,123.35963143597044
2459.9519540633974,130.02717242404808
2460.951934532529,49.190182573443465
2461.9519150016604,44.212314401450655
2462.951895470792,43.3943407844729
2463.951875939923,30.021606115208115
2464.9518564090545,34.88996419033749
2465.951836878186,75.4285082247218
2466.9518173473175,25.963111257333644
2467.951797816449,34.01755678282945
2468.9517782855805,93.24993262892335
2469.951758754712,93.21260632745114
2470.9517392238436,106.3554568187554
2471.951719692975,50.26226348951458
2472.951700162106,120.82389260906538
2473.9516806312377,82.02507064897458
2474.951661100369,132.01863633382501
2475.9516415695007,53.228079970612114
2476.951622038632,72.39596174915893
2477.9516025077637,54.72843842975056
2478.951582976895,94.3918517519764
2479.9515634460267,41.77617598471649
2480.951543915158,31.45585565269358
2481.9515243842893,306.8624388266821
2482.951504853421,134.4267012632213
2483.9514853225523,113.78356162251603
2484.951465791684,127.5594022119883
2485.9514462608154,124.65643914104928
2486.951426729947,79.65410311271891
2487.9514071990784,20.42907184350626
2488.95138766821,70.44290419228373
2489.951368137341,110.24191025833628
2490.9513486064725,101.18255742468887
2491.951329075604,88.2823981066068
2492.9513095447355,92.02713205412442
2493.951290013867,56.536105103865886
2494.9512704829986,34.19361105111553
2495.95125095213,108.91552619389722
2496.9512314212616,69.35098969311574
2497.951211890393,56.87700291472616
2498.951192359524,20.091169760776186
2499.9511728286557,422.59392475253253
2500.951153297787,89.04297413559978
2501.9511337669187,156.37094620107953
2502.95111423605,49.16766505466649
2503.9510947051817,29.98964999519862
2504.9510751743132,49.04761391391068
2505.9510556434448,38.7820641742483
2506.951036112576,74.38185373576239
2507.9510165817073,41.41376515636411
2508.950997050839,80.13147239944762
2509.9509775199704,45.95049459840724
2510.950957989102,85.43281453818798
2511.9509384582334,55.58728207707565
2512.950918927365,78.97751493736986
2513.9508993964964,108.34810108313721
2514.950879865628,22.528244073189335
2515.950860334759,30.080551721633892
2516.9508408038905,35.22938380469298
2517.950821273022,177.6319392541349
2518.9508017421535,76.27525708523966
2519.950782211285,52.5291161579957
2520.9507626804166,143.19496645017412
2521.950743149548,35.49404785060514
2522.9507236186796,2.0518851157659004
2523.950704087811,81.74438597401915
2524.950684556942,100.40946364170408
2525.9506650260737,240.61780525146298
2526.950645495205,74.82527965423252
2527.9506259643367,113.28894825227032
2528.9506064334682,271.5055528700398
2529.9505869025998,67.27951341956505
2530.9505673717313,117.07749950501842
2531.950547840863,34.41466338756346
2532.950528309994,20.61694481673724
2533.9505087791254,42.57728162984643
2534.950489248257,108.89448821528589
2535.9504697173884,121.92557557364475
2536.95045018652,72.12352334961386
2537.9504306556514,140.89605332928167
2538.950411124783,88.46348174828492
2539.9503915939144,31.905310019028192
2540.950372063046,7.836870581901484
2541.950352532177,81.34963424813121
2542.9503330013085,79.97752551537052
2543.95031347044,26.10973123962829
2544.9502939395716,74.52176207141076
2545.950274408703,49.52613219676765
2546.9502548778346,66.92097740120792
2547.950235346966,25.257196817398654
2548.9502158160976,97.47925538614479
2549.950196285229,152.11104034648463
2550.95017675436,44.44879097085745
2551.9501572234917,47.66023658458517
2552.9501376926232,100.27094718477804
2553.9501181617547,172.85104038968984
2554.9500986308863,113.75775024858781
2555.950079100018,146.1053174042381
2556.9500595691493,65.08133541568637
2557.950040038281,58.046136000399365
2558.950020507412,166.9185924120455
2559.9500009765434,30.37105059593487
2560.949981445675,96.81538947155809
2561.9499619148064,75.48163176785334
2562.949942383938,37.63001108427511
2563.9499228530694,30.376780168720654
2564.949903322201,67.9059564024274
2565.9498837913325,21.493948070125377
2566.949864260464,6.707441248605605
2567.949844729595,77.6769907393471
2568.9498251987266,86.00838288879271
2569.949805667858,89.4471453990985
2570.9497861369896,106.0653724990315
2571.949766606121,207.93743254620975
2572.9497470752526,53.54244216529731
2573.949727544384,70.83706360160905
2574.9497080135156,90.45762841626528
2575.949688482647,62.43051394686617
2576.949668951778,16.35440585379038
2577.9496494209097,81.24319139103872
2578.9496298900413,82.67552749934188
2579.9496103591728,28.564041981862765
2580.9495908283043,81.20618686369423
2581.949571297436,20.759403656435595
2582.9495517665673,90.29354187232282
2583.949532235699,70.25390174054868
2584.94951270483,28.109424088588543
2585.9494931739614,26.56264884806151
2586.949473643093,104.66735486228274
2587.9494541122244,33.301195495065336
2588.949434581356,28.726321092299386
2589.9494150504875,46.47630232197753
2590.949395519619,64.66679275881155
2591.9493759887505,132.74395990484444
2592.949356457882,51.2855586721944
2593.949336927013,52.80355243496789
2594.9493173961446,36.024073561836246
2595.949297865276,21.85968826918887
2596.9492783344076,123.99136288202696
2597.949258803539,76.15363779308673
2598.9492392726706,98.20541042373196
2599.949219741802,28.899577456627096
2600.9492002109337,90.66021265677165
2601.949180680065,55.760906382165956
2602.9491611491962,113.50607025880622
2603.9491416183278,100.06038336304391
2604.9491220874593,98.35472861699449
2605.949102556591,53.44140945505269
2606.9490830257223,46.728240345753626
2607.949063494854,81.72165597124119
2608.9490439639853,160.83761534052587
2609.949024433117,14.026343702653229
2610.949004902248,29.76685618552627
2611.9489853713794,66.28957514846796
2612.948965840511,108.38318228321185
2613.9489463096425,130.0095188778309
2614.948926778774,55.24123784827317
2615.9489072479055,165.67341089465043
2616.948887717037,46.43031774851859
2617.9488681861685,35.94335376568561
2618.9488486553,86.84568875617047
2619.948829124431,67.0595723913519
2620.9488095935626,27.79555995522773
2621.948790062694,43.35912275202619
2622.9487705318256,81.44464744580449
2623.948751000957,18.122674936982364
2624.9487314700887,94.27355422000848
2625.94871193922,77.93593990409414
2626.9486924083517,37.8607563300383
2627.948672877483,13.67893117807861
2628.9486533466143,13.516081536011711
2629.948633815746,43.95336109258558
2630.9486142848773,60.68111742693141
2631.948594754009,194.24743796559684
2632.9485752231403,30.234393157653304
2633.948555692272,84.58185307559569
2634.9485361614034,189.1470627007293
2635.948516630535,87.19281155589134
2636.948497099666,64.29027797524466
2637.9484775687974,72.37903543885919
2638.948458037929,68.81338157459363
2639.9484385070605,98.47449202312316
2640.948418976192,55.9268077562232
2641.9483994453235,54.9103963996975
2642.948379914455,18.82704081817749
2643.9483603835865,32.92660530361017
2644.948340852718,105.48992584422062
2645.948321321849,119.93046049345214
2646.9483017909806,53.04172560440021
2647.948282260112,52.76348435998697
2648.9482627292437,110.25184355893828
2649.948243198375,206.9840047442333
2650.9482236675067,107.17565262559846
2651.948204136638,69.90206018220623
2652.9481846057697,6.250906930473338
2653.948165074901,66.23984474304896
2654.9481455440323,88.15582709989467
2655.948126013164,70.30620223512716
2656.9481064822953,39.89071680372544
2657.948086951427,119.28953557860365
2658.9480674205583,104.12726892377569
2659.94804788969,109.20568426526269
2660.9480283588214,95.63231267637836
2661.948008827953,107.60965814106103
2662.947989297084,83.21941425667283
2663.9479697662155,39.78001867903194
2664.947950235347,140.62532041990818
2665.9479307044785,46.35697009648391
2666.94791117361,46.75913095431335
2667.9478916427415,18.421805320838004
2668.947872111873,112.15906846342736
2669.9478525810046,103.6288932373197
2670.947833050136,27.24849783527696
2671.947813519267,75.77486740752144
2672.9477939883986,39.21364419311811
2673.94777445753,48.819986836894486
2674.9477549266617,32.92101583287736
2675.947735395793,14.915586253765612
2676.9477158649247,76.87452486124256
2677.947696334056,44.7327489536993
2678.9476768031877,99.00694378329409
2679.9476572723192,40.81170377746677
2680.9476377414503,38.37289748802586
2681.947618210582,11.916253418757014
2682.9475986797133,16.90120931414074
2683.947579148845,20.09886595274887
2684.9475596179764,28.728665164486273
2685.947540087108,29.755531965793192
2686.9475205562394,62.90339195188005
2687.947501025371,44.770528082659375
2688.947481494502,51.61915972227389
2689.9474619636335,50.79750244564517
2690.947442432765,5.089280093215119
2691.9474229018965,58.31622736529424
2692.947403371028,97.32992619810801
2693.9473838401595,25.364165051467268
2694.947364309291,83.05569097095606
2695.9473447784226,90.12484612808666
2696.947325247554,67.12382527864338
2697.947305716685,68.28549440527554
2698.9472861858167,22.978756931368057
2699.947266654948,67.8653285867902
2700.9472471240797,23.92506071856776
2701.947227593211,49.5682132146527
2702.9472080623427,4.879217967696968
2703.9471885314742,34.97676822859497
2704.9471690006058,116.57971798204301
2705.9471494697373,77.86389924236627
2706.9471299388683,68.31384672561094
2707.947110408,113.43669676299474
2708.9470908771314,54.1173742087209
2709.947071346263,147.4998152403597
2710.9470518153944,85.87558197851219
2711.947032284526,60.055903948244634
2712.9470127536574,52.27293521770952
2713.946993222789,122.1980082245078
2714.94697369192,163.9844565460777
2715.9469541610515,45.437334538342675
2716.946934630183,106.9515187741018
2717.9469150993145,201.0977098876595
2718.946895568446,236.12401411642665
2719.9468760375776,115.74497771296024
2720.946856506709,56.19110813441717
2721.9468369758406,99.4366220839184
2722.946817444972,104.02049011324678
2723.946797914103,31.73663560999798
2724.9467783832347,81.50413560239437
2725.946758852366,34.99710722302172
2726.9467393214977,58.30710215006077
2727.9467197906292,60.30333498504441
2728.9467002597607,3.859052458880443
2729.9466807288923,30.719615521702718
2730.946661198024,83.95331969112338
2731.9466416671553,41.72607623503455
2732.9466221362864,23.665126220952725
2733.946602605418,78.47444231005248
2734.9465830745494,69.70758443080759
2735.946563543681,85.73063750780402
2736.9465440128124,39.19078440634405
2737.946524481944,60.676854995177074
2738.9465049510754,7.482521083795554
2739.946485420207,55.414226758548246
2740.946465889338,38.295827098655266
2741.9464463584695,108.81975930758735
2742.946426827601,56.24391499007824
2743.9464072967326,44.55944584782497
2744.946387765864,25.682713634303113
2745.9463682349956,8.975141156305392
2746.946348704127,59.854732119422074
2747.9463291732586,65.05308809827757
2748.94630964239,94.71771485319323
2749.946290111521,66.4776226866496
2750.9462705806527,50.71927427787256
2751.946251049784,58.02892766257454
2752.9462315189157,44.5554473009488
2753.9462119880473,27.429588520746606
2754.9461924571788,22.73294927001704
2755.9461729263103,102.2343600540028
2756.946153395442,76.96769956623895
2757.9461338645733,110.15549576526298
2758.9461143337044,104.81045215351304
2759.946094802836,63.7294994180358
2760.9460752719674,161.10395098077703
2761.946055741099,136.0604443296531
2762.9460362102304,7.217815663379698
2763.946016679362,79.56719209186984
2764.9459971484935,92.30508499443862
2765.945977617625,78.06521409009753
2766.945958086756,20.043182939060944
2767.9459385558876,75.81260056356724
2768.945919025019,32.59280140824869
2769.9458994941506,84.60848804920704
2770.945879963282,77.29356167492483
2771.9458604324136,58.75269143144912
2772.945840901545,64.17022223469056
2773.9458213706766,64.46082567558376
2774.945801839808,66.52517151178147
2775.945782308939,6.909727983922478
2776.9457627780707,62.584086477104314
2777.9457432472022,107.63534441094941
2778.9457237163338,178.575567220541
2779.9457041854653,164.09527191268984
2780.945684654597,65.96790036166834
2781.9456651237283,92.6568200444701
2782.94564559286,86.13717962261806
2783.9456260619913,55.47751901842429
2784.9456065311224,87.0671641196455
2785.945587000254,64.67913515168786
2786.9455674693854,45.72228660185582
2787.945547938517,40.27896388935243
2788.9455284076485,50.779215621802166
2789.94550887678,107.03282348328953
2790.9454893459115,46.65055633712512
2791.945469815043,51.18668585733076
2792.945450284174,69.52708638835469
2793.9454307533056,45.48446016054783
2794.945411222437,36.42778186783878
2795.9453916915686,38.16164491004469
2796.9453721607,104.0966683929217
2797.9453526298316,112.06885313727555
2798.945333098963,65.0762586495192
2799.9453135680947,14.651391586709915
2800.945294037226,99.01051773804924
2801.9452745063572,56.246539488348844
2802.9452549754888,122.19718983197366
2803.9452354446203,36.02417266766469
2804.945215913752,58.83217114281791
2805.9451963828833,39.76980001622695
2806.945176852015,59.764364103416554
2807.9451573211463,97.52263820837716
2808.945137790278,140.71047809594367
2809.9451182594094,91.80800396633401
2810.9450987285404,54.61221943328736
2811.945079197672,21.267849150986
2812.9450596668034,115.8513884950666
2813.945040135935,157.13944077466974
2814.9450206050665,23.351891467412177
2815.945001074198,64.81699500347784
2816.9449815433295,74.41644106881635
2817.944962012461,39.08059260976834
2818.944942481592,103.18297677714891
2819.9449229507236,68.10366533108487
2820.944903419855,90.1072637069816
2821.9448838889866,27.874947541436853
2822.944864358118,46.07646023482944
2823.9448448272497,49.39940049396836
2824.944825296381,67.19936410731904
2825.9448057655127,100.5624332813601
2826.944786234644,200.52032614780046
2827.9447667037753,14.550234371544335
2828.944747172907,36.10276785808727
2829.9447276420383,37.258140335031
2830.94470811117,123.0004028336986
2831.9446885803013,52.11932152612381
2832.944669049433,56.67963788477333
2833.9446495185643,47.52273250788622
2834.944629987696,73.24566180565124
2835.9446104568274,11.512092290833163
2836.9445909259584,8.162440043089983
2837.94457139509,45.42478094116325
2838.9445518642215,21.955030175838512
2839.944532333353,104.8898624643235
2840.9445128024845,150.07608373196814
2841.944493271616,148.586137493331
2842.9444737407475,99.49141049908548
2843.944454209879,58.05221806235239
2844.94443467901,55.567928251875614
2845.9444151481416,34.9250660791106
2846.944395617273,50.31955364248558
2847.9443760864046,22.065373014309802
2848.944356555536,30.01741716107211
2849.9443370246677,60.98594112587341
2850.944317493799,6.760061980246664
2851.9442979629307,31.020331319759418
2852.944278432062,64.67913391271297
2853.9442589011933,47.713634148632885
2854.944239370325,25.51784651849461
2855.9442198394563,52.24747078813105
2856.944200308588,81.03786483047831
2857.9441807777193,80.45192713747461
2858.944161246851,116.936892845418
2859.9441417159824,99.11260674032276
2860.944122185114,26.309897426802856
2861.9441026542454,1.4153917322497243
2862.9440831233765,96.9162428527688
2863.944063592508,114.90127261243197
2864.9440440616395,59.020026299597
2865.944024530771,94.1464301576414
2866.9440049999025,74.50545873224598
2867.943985469034,46.87178675951849
2868.9439659381655,81.93527968196032
2869.943946407297,65.57914755959385
2870.943926876428,93.36097915178549
2871.9439073455596,95.44475424593092
2872.943887814691,35.60837994221232
2873.9438682838227,34.325681036117935
2874.943848752954,210.54343326796348
2875.9438292220857,36.860776381592494
2876.943809691217,63.74293128456333
2877.9437901603487,113.45135342000816
2878.9437706294802,65.43476161755113
2879.9437510986113,92.58756770430705
2880.943731567743,19.913903087898262
2881.9437120368743,124.86253494309109
2882.943692506006,54.24400863147123
2883.9436729751374,68.72289069909962
2884.943653444269,24.136479358706364
2885.9436339134004,74.90449510247062
2886.943614382532,59.24057128882243
2887.943594851663,33.843215818944614
2888.9435753207945,40.5552705485601
2889.943555789926,23.494855577529453
2890.9435362590575,15.098654912139567
2891.943516728189,20.747058202044755
2892.9434971973205,44.480875369047894
2893.943477666452,45.97500330389091
2894.9434581355836,81.03386908729294
2895.943438604715,41.04515670713855
2896.943419073846,40.339209823918516
2897.9433995429777,19.472966419612913
2898.943380012109,36.8089379715072
2899.9433604812407,44.555966065342226
2900.943340950372,74.42337970976807
2901.9433214195037,36.20522163851825
2902.9433018886352,133.08093263799827
2903.9432823577667,5.74080158792117
2904.9432628268983,44.913362746166904
2905.9432432960293,29.05313622341198
2906.943223765161,165.1790698845194
2907.9432042342924,66.7875967754991
2908.943184703424,61.22449790103269
2909.9431651725554,123.88457071698085
2910.943145641687,77.53389382520878
2911.9431261108184,96.58250421859056
2912.94310657995,87.0932731922249
2913.943087049081,10.460446440899497
2914.9430675182125,27.925382310939348
2915.943047987344,50.649490068551444
2916.9430284564755,84.55878369645987
2917.943008925607,100.71624160118238
2918.9429893947386,58.247088280290235
2919.94296986387,45.29565171992162
2920.9429503330016,107.34843822265444
2921.942930802133,50.603406098328826
2922.942911271264,61.344134316614785
2923.9428917403957,81.61880154721204
2924.942872209527,82.69031193648642
2925.9428526786587,25.636194514039648
2926.94283314779,68.60037115941513
2927.9428136169217,57.259213038215
2928.9427940860533,46.79821501116124
2929.9427745551848,17.271482649951427
2930.9427550243163,28.624010399253596
2931.9427354934473,71.93649697769669
2932.942715962579,82.90683154724196
2933.9426964317104,30.384571061526177
2934.942676900842,166.70026295565228
2935.9426573699734,100.31861412012643
2936.942637839105,53.770969821764524
2937.9426183082364,85.45302536948368
2938.942598777368,88.19516579416693
2939.942579246499,24.575594664122747
2940.9425597156305,45.553910150761084
2941.942540184762,40.18493965253648
2942.9425206538936,48.97707532929014
2943.942501123025,73.1303219647022
2944.9424815921566,17.08895868073475
2945.942462061288,73.61716190335689
2946.9424425304196,62.5955944113073
2947.942422999551,32.03174449020964
2948.942403468682,68.07683987672671
2949.9423839378137,70.59542355261969
2950.942364406945,139.78984571183926
2951.9423448760767,40.08573759245721
2952.9423253452082,56.32308233079863
2953.9423058143398,131.76044387107103
2954.9422862834713,33.006234965292975
2955.942266752603,6.037001819871963
2956.9422472217343,140.78084146723066
2957.9422276908654,20.263522073176972
2958.942208159997,68.98581736982517
2959.9421886291284,80.78746433813728
2960.94216909826,36.576570929613965
2961.9421495673914,59.143144954438114
2962.942130036523,89.1211973615978
2963.9421105056545,132.02208685799883
2964.942090974786,78.23335839754962
2965.942071443917,117.03045640494891
2966.9420519130485,153.49093852358948
2967.94203238218,57.21358482062978
2968.9420128513116,46.06642467026378
2969.941993320443,63.450380674585354
2970.9419737895746,33.071186475579175
2971.941954258706,50.77583893513928
2972.9419347278376,52.6295832454725
2973.941915196969,73.48500425050133
2974.9418956661,100.79183410876176
2975.9418761352317,206.2799115608462
2976.9418566043632,92.96101363551405
2977.9418370734948,69.96802142411627
2978.9418175426263,125.46489244054179
2979.941798011758,107.6421243685922
2980.9417784808893,56.697867833384
2981.941758950021,93.82146445235753
2982.9417394191523,120.6325118921438
2983.9417198882834,59.53724332644264
2984.941700357415,202.3421404731831
2985.9416808265464,79.77136411864865
2986.941661295678,169.7355197368771
2987.9416417648094,227.02717849174957
2988.941622233941,60.095101205668946
2989.9416027030725,72.25339066369199
2990.941583172204,216.61900452498804
2991.941563641335,89.74428936713652
2992.9415441104666,20.684232596017896
2993.941524579598,135.8505090661835
2994.9415050487296,166.3277815169433
2995.941485517861,88.34295559640839
2996.9414659869926,40.07625345233393
2997.941446456124,20.54554313168751
2998.9414269252557,61.52892344706369
2999.941407394387,58.28695627720387
3000.9413878635182,139.96808142753125
3001.9413683326497,39.26990013581447
3002.9413488017813,28.688870051495634
3003.941329270913,81.49324796130178
3004.9413097400443,70.33214067076926
3005.941290209176,35.022025188289575
3006.9412706783073,80.45697429920205
3007.941251147439,85.4193672981766
3008.9412316165703,37.511912304746346
3009.9412120857014,39.83305539752207
3010.941192554833,44.948371370954995
3011.9411730239644,88.8281202943591
3012.941153493096,109.90890846660204
3013.9411339622275,67.73540668760512
3014.941114431359,46.31757197644899
3015.9410949004905,52.560474532149186
3016.941075369622,76.68830929854998
3017.941055838753,32.58432346284108
3018.9410363078846,67.32880321477565
3019.941016777016,56.3471576713624
3020.9409972461476,106.47420413224641
3021.940977715279,143.2370702658359
3022.9409581844106,53.77345575130014
3023.940938653542,37.089938638306336
3024.9409191226737,15.72437405347838
3025.940899591805,50.71144482964384
3026.9408800609363,84.88499906298617
3027.9408605300678,26.324226430491226
3028.9408409991993,94.82544163589608
3029.940821468331,65.74800722885314
3030.9408019374623,51.820103258274536
3031.940782406594,81.94173744771163
3032.9407628757253,35.76653959304226
3033.940743344857,64.08266689899835
3034.9407238139884,26.37728143366118
3035.9407042831194,3.8506732770679624
3036.940684752251,53.60119768459135
3037.9406652213825,51.52210052525563
3038.940645690514,32.10165401396656
3039.9406261596455,17.64447447904236
3040.940606628777,18.87298986111576
3041.9405870979085,27.147691774697083
3042.94056756704,42.382526222077765
3043.940548036171,7.060588968050185
3044.9405285053026,13.9373567684968
3045.940508974434,5.795215993416486
3046.9404894435656,10.320828212283628
3047.940469912697,54.13072716469562
3048.9404503818287,65.31598853626666
3049.94043085096,70.86078008758749
3050.9404113200917,7.026650833654906
3051.940391789223,88.93654480035893
3052.9403722583543,26.35982125112229
3053.940352727486,60.35877269801343
3054.9403331966173,37.275055727144256
3055.940313665749,21.400482494401906
3056.9402941348803,31.726446403679958
3057.940274604012,96.166825346001
3058.9402550731434,65.7068671794391
3059.940235542275,44.2668610979938
3060.9402160114064,72.8369758136949
3061.9401964805375,32.188222199764375
3062.940176949669,102.9805356256869
3063.9401574188005,36.582769463836684
3064.940137887932,53.76990543894013
3065.9401183570635,47.51801024285966
3066.940098826195,14.054384609916417
3067.9400792953265,26.08128176686936
3068.940059764458,9.809556004052354
3069.940040233589,106.26475190717113
3070.9400207027206,64.5665890919264
3071.940001171852,41.61722787317115
3072.9399816409837,117.8446031639623
3073.939962110115,62.61617971597971
3074.9399425792467,29.801722695519434
3075.939923048378,50.663456668986484
3076.9399035175097,30.70108928562476
3077.9398839866412,27.99372301470106
3078.9398644557723,17.20654093272278
3079.939844924904,96.81371752365345
3080.9398253940353,50.464708984817335
3081.939805863167,42.863672967186986
3082.9397863322984,60.0916860948605
3083.93976680143,51.93935700818226
3084.9397472705614,64.07660544249352
3085.939727739693,34.661045741721
3086.9397082088244,69.6756872879234
3087.9396886779555,40.038686862582516
3088.939669147087,59.26367156640916
3089.9396496162185,42.51832110476452
3090.93963008535,77.81401778171222
3091.9396105544815,67.96842717295094
3092.939591023613,88.585583334851
3093.9395714927446,37.70350344124333
3094.939551961876,80.73233948301498
3095.939532431007,15.015889852311654
3096.9395129001387,37.17623531803142
3097.93949336927,25.434686906577035
3098.9394738384017,175.50162277044402
3099.939454307533,75.74400920812926
3100.9394347766647,181.3161278827783
3101.939415245796,86.32762979391731
3102.9393957149277,109.00245744761882
3103.9393761840593,18.335214051546977
3104.9393566531903,119.58193612371747
3105.939337122322,64.21934817753997
3106.9393175914533,104.46358897892183
3107.939298060585,30.53587212071002
3108.9392785297164,50.90265378268725
3109.939258998848,58.8611977660413
3110.9392394679794,27.915106068644356
3111.939219937111,66.04142068359403
3112.9392004062424,79.92126312410029
3113.9391808753735,124.5629052212969
3114.939161344505,80.40897125127957
3115.9391418136365,67.99086858978768
3116.939122282768,88.19413768463247
3117.9391027518996,45.15588494582415
3118.939083221031,83.50218536559753
3119.9390636901626,48.93327005861057
3120.939044159294,104.2632715959014
3121.939024628425,136.35294096758417
3122.9390050975567,55.607909741293724
3123.938985566688,57.35782761146786
3124.9389660358197,170.97724469224877
3125.938946504951,80.99521379487943
3126.9389269740827,36.674266520496055
3127.9389074432142,26.27431209229295
3128.9388879123458,32.83888192239365
3129.9388683814773,126.9931214468279
3130.9388488506083,25.633518727421347
3131.93882931974,103.88393486816655
3132.9388097888714,34.28421783741743
3133.938790258003,65.4072455494799
3134.9387707271344,15.29353770533502
3135.938751196266,46.540669019741465
3136.9387316653974,10.650611457976344
3137.938712134529,25.426216273852937
3138.9386926036605,32.843968206421614
3139.9386730727915,119.01491717033362
3140.938653541923,45.86732425003197
3141.9386340110545,39.54917097633384
3142.938614480186,70.3932086637293
3143.9385949493176,44.05354040866571
3144.938575418449,70.22369778256846
3145.9385558875806,102.95874725564963
3146.938536356712,123.48334614413935
3147.938516825843,42.49467844636683
3148.9384972949747,84.60598945316477
3149.938477764106,40.48665986524081
3150.9384582332377,54.973259908602266
3151.9384387023692,28.126056299992257
3152.9384191715008,41.22950684746706
3153.9383996406323,86.27271733617383
3154.938380109764,51.16489664032726
3155.9383605788953,105.3391740706524
3156.9383410480264,93.46149893663734
3157.938321517158,53.32811125239893
3158.9383019862894,36.6394958438637
3159.938282455421,25.205440784594696
3160.9382629245524,29.873123971302032
3161.938243393684,42.02415676360884
3162.9382238628154,8.57163523143941
3163.938204331947,37.86116305737144
3164.9381848010785,75.74819727752273
3165.9381652702095,89.51559874358142
3166.938145739341,38.57587502958214
3167.9381262084726,94.52763013312506
3168.938106677604,51.32284638504878
3169.9380871467356,73.25804833307923
3170.938067615867,15.068263440753048
3171.9380480849986,57.19141175721575
3172.93802855413,97.36429514641969
3173.938009023261,41.131489289692205
3174.9379894923927,45.731960792159114
3175.9379699615242,19.375028043446445
3176.9379504306557,45.24092054584864
3177.9379308997873,19.592644974570554
3178.937911368919,66.86399531925056
3179.9378918380503,39.77416330750964
3180.937872307182,39.63404090857109
3181.9378527763133,101.10220013970083
3182.9378332454444,66.7178816642643
3183.937813714576,43.86520081589008
3184.9377941837074,84.45005431275953
3185.937774652839,34.216606673461726
3186.9377551219704,16.999163242486365
3187.937735591102,71.56926138584315
3188.9377160602335,55.763770585568196
3189.937696529365,52.01134034909678
3190.9376769984965,95.34251455516451
3191.9376574676276,36.63849803850694
3192.937637936759,95.22468867427658
3193.9376184058906,25.595377375029017
3194.937598875022,105.04127672315123
3195.9375793441536,96.5159546136708
3196.937559813285,62.31559233788565
3197.9375402824166,84.26525189143774
3198.937520751548,148.52749415717054
3199.937501220679,50.081011711987976
3200.9374816898107,43.46540420035741
3201.9374621589423,50.58575958240954
3202.9374426280738,40.54283139925918
3203.9374230972053,21.114203051892606
3204.937403566337,63.29598608292074
3205.9373840354683,23.063072938545012
3206.9373645046,39.83893478851353
3207.9373449737313,36.907656142101544
3208.9373254428624,58.19126425196396
3209.937305911994,91.07869586570268
3210.9372863811254,53.52943047484551
3211.937266850257,110.10671984997799
3212.9372473193885,23.261122834857726
3213.93722778852,118.25241648178577
3214.9372082576515,43.147588625067314
3215.937188726783,45.62966293448136
3216.9371691959145,39.97194290068714
3217.9371496650456,26.76474357582701
3218.937130134177,67.83474529422809
3219.9371106033086,23.14547642126512
3220.93709107244,84.70110335415791
3221.9370715415716,61.23431010103673
3222.937052010703,37.089818718465594
3223.9370324798347,36.49720762687173
3224.937012948966,32.180440481221915
3225.9369934180972,35.63431790524152
3226.9369738872288,22.66497301264064
3227.9369543563603,23.930113066313623
3228.936934825492,58.10440269455506
3229.9369152946233,110.29736426239445
3230.936895763755,25.41766886873259
3231.9368762328863,46.22385771458267
3232.936856702018,45.30879892938506
3233.9368371711494,47.67093125087106
3234.9368176402804,30.22008644329765
3235.936798109412,56.63886971798607
3236.9367785785435,45.85662109080731
3237.936759047675,1.6871659905989682
3238.9367395168065,34.39629058410888
3239.936719985938,38.214614167100265
3240.9367004550695,115.67678211909342
3241.936680924201,102.32033951347152
3242.9366613933325,49.915298026678094
3243.9366418624636,177.27810942185647
3244.936622331595,63.66218868965781
3245.9366028007266,9.00469915807926
3246.936583269858,134.98906042319229
3247.9365637389897,120.0123146056371
3248.936544208121,183.32385401623924
3249.9365246772527,152.92470091341403
3250.936505146384,172.2767818512103
3251.9364856155153,51.27436913454944
3252.936466084647,85.7621046324278
3253.9364465537783,90.0050956358447
3254.93642702291,39.33159410810717
3255.9364074920413,44.490747155722254
3256.936387961173,86.77446530327647
3257.9363684303044,81.60464834577573
3258.936348899436,7.902567462646748
3259.9363293685674,93.83476975076306
3260.9363098376984,39.0679150319028
3261.93629030683,120.70902719074654
3262.9362707759615,149.06263514320196
3263.936251245093,30.680608028734355
3264.9362317142245,47.92972899036853
3265.936212183356,92.48655393619234
3266.9361926524875,147.83775247872262
3267.936173121619,87.3490892849062
3268.9361535907506,86.63197823587413
3269.9361340598816,91.67896674194779
3270.936114529013,56.382996165962446
3271.9360949981447,102.04747334829833
3272.936075467276,85.81789037943818
3273.9360559364077,60.777814360259775
3274.936036405539,48.07980372428091
3275.9360168746707,45.33586897344694
3276.9359973438022,76.98572320323926
3277.9359778129333,76.39023498264145
3278.935958282065,30.965943860585295
3279.9359387511963,52.41241223659406
3280.935919220328,171.08016222646052
3281.9358996894593,125.54610365437465
3282.935880158591,96.78472588272187
3283.9358606277224,36.53646939849535
3284.935841096854,86.99189001554312
3285.9358215659854,66.37274266284469
3286.9358020351165,16.012102807171246
3287.935782504248,37.43949035671268
3288.9357629733795,52.946422141856296
3289.935743442511,81.12293130791554
3290.9357239116425,106.81020610228967
3291.935704380774,60.17986241123863
3292.9356848499056,39.52496560975912
3293.935665319037,85.22512738386793
3294.935645788168,72.20102317704826
3295.9356262572996,65.31479433545972
3296.935606726431,92.73791146454212
3297.9355871955627,92.91896782795733
3298.935567664694,10.996671457358195
3299.9355481338257,53.165022842726096
3300.935528602957,98.32572499981015
3301.9355090720887,80.67068326829572
3302.9354895412202,31.123819257275557
3303.9354700103513,15.192479767024441
3304.935450479483,67.8852494519724
3305.9354309486143,27.460367199860038
3306.935411417746,79.45374007611225
3307.9353918868774,51.62183766036918
3308.935372356009,58.660544978537565
3309.9353528251404,31.059809338288932
3310.935333294272,40.87173005255283
3311.9353137634034,104.47435550785661
3312.9352942325345,41.34850393518112
3313.935274701666,34.30413402887967
3314.9352551707975,31.71660598999895
3315.935235639929,80.72454929161299
3316.9352161090605,40.6037306920517
3317.935196578192,50.62859528826054
3318.9351770473236,111.36610862567429
3319.935157516455,58.99704687795352
3320.935137985586,57.470115195565846
3321.9351184547177,28.00826644534171
3322.935098923849,68.8204202860077
3323.9350793929807,98.77735137537508
3324.935059862112,151.05244490139884
3325.9350403312437,67.87772080883553
3326.9350208003752,46.32289484112942
3327.9350012695068,14.94553116132703
3328.9349817386383,34.59847359816958
3329.9349622077693,84.50632418234292
3330.934942676901,41.045036457331946
3331.9349231460324,24.442356726198657
3332.934903615164,74.34680196270469
3333.9348840842954,79.79792391662664
3334.934864553427,29.6479396671132
3335.9348450225584,21.725379482017118
3336.93482549169,63.47815573999519
3337.9348059608214,54.76589581146284
3338.9347864299525,112.45511347072892
3339.934766899084,35.796243361984416
3340.9347473682155,67.22607620691582
3341.934727837347,66.6405300630714
3342.9347083064786,72.71372132055171
3343.93468877561,87.97832804842783
3344.9346692447416,83.70696817123064
3345.934649713873,49.26369132937758
3346.934630183004,155.51664578599963
3347.9346106521357,117.18819046049585
3348.934591121267,57.8416322220387
3349.9345715903987,141.92353490820048
3350.9345520595302,43.72640197988354
3351.9345325286617,60.325508703271986
3352.9345129977933,77.96653242563099
3353.934493466925,34.87171199107259
3354.9344739360563,60.7484487466446
3355.9344544051874,35.73292950565599
3356.934434874319,29.626528619580807
3357.9344153434504,65.78368988380961
3358.934395812582,73.67084390510769
3359.9343762817134,47.1495357961324
3360.934356750845,87.08454378157975
3361.9343372199764,22.026345762112783
3362.934317689108,59.72734588223761
3363.9342981582395,43.341553417773504
3364.9342786273705,67.95396773753454
3365.934259096502,12.397019131362141
3366.9342395656336,40.12481644237761
3367.934220034765,97.30404775270776
3368.9342005038966,68.48112791045178
3369.934180973028,39.66786199651306
3370.9341614421596,53.75027625837884
3371.934141911291,31.636119070444902
3372.934122380422,32.914801061029166
3373.9341028495537,173.2511683006111
3374.934083318685,230.39980348901616
3375.9340637878167,183.52153727491125
3376.9340442569483,91.17692718145388
3377.9340247260798,74.66873649032266
3378.9340051952113,65.94835764691243
3379.933985664343,57.644308666439365
3380.9339661334743,53.90797112722054
3381.9339466026054,81.6375201850966
3382.933927071737,47.67019793570047
3383.9339075408684,25.406198556409986
3384.93388801,91.90160971088261
3385.9338684791314,100.00537221071997
3386.933848948263,46.81046973189546
3387.9338294173945,43.36742472009226
3388.933809886526,40.97793739794202
3389.9337903556575,174.01179466904816
3390.9337708247886,34.82062559358931
3391.93375129392,61.354400230416516
3392.9337317630516,62.908535803026304
3393.933712232183,110.80330880211964
3394.9336927013146,91.24875653583558
3395.933673170446,71.87114312391189
3396.9336536395776,38.61796942518508
3397.933634108709,71.2471361158737
3398.93361457784,68.07698384368092
3399.9335950469717,10.731579217560348
3400.9335755161032,105.64075582833165
3401.9335559852348,30.786480295023427
3402.9335364543663,34.31559876527229
3403.933516923498,57.272105031931005
3404.9334973926293,71.4865546739098
3405.933477861761,62.90905788069472
3406.9334583308923,65.71157656316271
3407.9334388000234,51.52274073232423
3408.933419269155,14.666907485521456
3409.9333997382864,5.140099455849536
3410.933380207418,22.497755431117966
3411.9333606765495,72.42659187166642
3412.933341145681,50.90373199736071
3413.9333216148125,84.97008420268543
3414.933302083944,44.040241685352456
3415.9332825530755,98.9712987293185
3416.9332630222066,51.59193844906393
3417.933243491338,73.07993959320734
3418.9332239604696,43.560192692608155
3419.933204429601,36.63551666495224
3420.9331848987326,83.46781799651781
3421.933165367864,14.697224996109012
3422.9331458369957,81.80460340692728
3423.933126306127,37.40002737555156
3424.9331067752582,88.5405450891096
3425.9330872443898,157.74228884683896
3426.9330677135213,11.918353339767158
3427.933048182653,98.81182875819677
3428.9330286517843,211.1195992158347
3429.933009120916,39.08521021658921
3430.9329895900473,124.56563264233198
3431.932970059179,52.473450943589725
3432.9329505283104,100.72179182376391
3433.9329309974414,132.45859161831757
3434.932911466573,61.7080918422331
3435.9328919357044,52.857720141073315
3436.932872404836,51.7173023775165
3437.9328528739675,120.06119791524513
3438.932833343099,49.72618101898759
3439.9328138122305,83.10176796301742
3440.932794281362,119.87898803226112
3441.9327747504935,53.20649681081594
3442.9327552196246,45.366369239416485
3443.932735688756,125.03956920303617
3444.9327161578876,98.64564985089925
3445.932696627019,103.35924033294036
3446.9326770961507,99.26325011859633
3447.932657565282,156.05754416637743
3448.9326380344137,91.29752857505059
3449.932618503545,83.41855622522824
3450.9325989726763,28.88970492310542
3451.932579441808,98.91726869028156
3452.9325599109393,74.83096435079342
3453.932540380071,47.1188577171058
3454.9325208492023,83.94017052927647
3455.932501318334,42.519868017053284
3456.9324817874653,98.17398463798783
3457.932462256597,101.51695304213204
3458.9324427257284,94.90881322935407
3459.9324231948594,45.8758526982775
3460.932403663991,40.62942454186332
3461.9323841331225,47.35758529779793
3462.932364602254,50.09806132282132
3463.9323450713855,45.80717156850932
3464.932325540517,163.94385786656474
3465.9323060096485,94.83436875917413
3466.93228647878,39.47981224804232
3467.9322669479116,75.68739710527815
3468.9322474170426,83.82154959105463
3469.932227886174,147.2370929054058
3470.9322083553056,117.07288776266195
3471.932188824437,65.7598467146912
3472.9321692935687,26.420891075783782
3473.9321497627,123.12799907432489
3474.9321302318317,129.28528655373898
3475.932110700963,82.94740512011016
3476.9320911700943,76.83960553047862
3477.932071639226,85.30504185131757
3478.9320521083573,98.06201631062183
3479.932032577489,52.30670775384315
3480.9320130466203,113.05713662645036
3481.931993515752,240.65170138973713
3482.9319739848834,71.22421350474191
3483.931954454015,74.67237783945946
3484.9319349231464,372.8807567576017
3485.9319153922775,28.288263102086656
3486.931895861409,264.39491857353613
3487.9318763305405,156.18342094294064
3488.931856799672,41.44842792831571
3489.9318372688035,201.18253003058166
3490.931817737935,234.70929176478322
3491.9317982070665,122.5677948625482
3492.931778676198,180.05204959974694
3493.9317591453296,45.148108993292986
3494.9317396144606,125.87334290686152
3495.931720083592,57.587682933290424
3496.9317005527237,42.51922802259422
3497.931681021855,75.02738742917418
3498.9316614909867,264.77290505296594
3499.931641960118,301.1169530586124
3500.9316224292497,256.46863167685564
3501.9316028983812,225.19373308519496
3502.9315833675123,13.854658519227252
3503.931563836644,183.86744591961218
3504.9315443057753,126.16073993182883
3505.931524774907,108.47660917460487
3506.9315052440384,10.703492913110917
3507.93148571317,32.59579125492971
3508.9314661823014,68.6967365776487
3509.931446651433,129.89164832411703
3510.9314271205644,62.49311518821958
3511.9314075896955,125.03718847275822
3512.931388058827,60.788648435396055
3513.9313685279585,48.57496504051169
3514.93134899709,70.55077842205581
3515.9313294662215,46.73244513585371
3516.931309935353,112.19116477184801
3517.9312904044846,103.40744614187736
3518.931270873616,49.01986542201399
3519.9312513427476,58.530982901891115
3520.9312318118787,23.124633197106316
3521.93121228101,100.56413528447534
3522.9311927501417,43.764020059042295
3523.931173219273,108.17288931860058
3524.9311536884047,89.40030559323802
3525.9311341575362,31.442679996175503
3526.9311146266677,73.55012231325259
3527.9310950957993,78.960680019151
3528.9310755649303,60.061260164403194
3529.931056034062,124.47472081443742
3530.9310365031934,113.98562894544915
3531.931016972325,71.93590370993664
3532.9309974414564,88.07314172299131
3533.930977910588,30.664197339470547
3534.9309583797194,39.89925774564755
3535.930938848851,73.68461484435319
3536.9309193179824,104.96527186763885
3537.9308997871135,80.18473003172241
3538.930880256245,44.53261081971486
3539.9308607253765,73.95421144718524
3540.930841194508,38.76607284021229
3541.9308216636396,48.74240184368975
3542.930802132771,54.55694160895142
3543.9307826019026,84.99378189612032
3544.930763071034,49.92244057737984
3545.9307435401656,83.03652549896255
3546.9307240092967,127.59150898811923
3547.930704478428,151.69043070619753
3548.9306849475597,71.84700389456937
3549.930665416691,29.518466491433617
3550.9306458858227,38.89498549052473
3551.9306263549543,11.181425106428078
3552.9306068240858,131.60099829070742
3553.9305872932173,78.16696505788741
3554.9305677623483,52.532526805928924
3555.93054823148,63.58127650141267
3556.9305287006114,126.29311357703008
3557.930509169743,29.85820530027421
3558.9304896388744,19.177394755360027
3559.930470108006,150.42895622540178
3560.9304505771374,36.86309280348017
3561.930431046269,69.17850643628914
3562.9304115154005,125.66976887045942
3563.9303919845315,35.546944558650516
3564.930372453663,112.06957488826322
3565.9303529227946,25.08495886330341
3566.930333391926,57.412992214676784
3567.9303138610576,51.26909451513398
3568.930294330189,90.98953639719132
3569.9302747993206,20.538952798415483
3570.930255268452,54.97022649689229
3571.9302357375836,22.621425851601884
3572.9302162067147,49.86782163414417
3573.930196675846,27.55901583005503
3574.9301771449777,58.104316849648846
3575.9301576141092,65.93075160765846
3576.9301380832408,14.615809860286399
3577.9301185523723,29.35387894294217
3578.930099021504,32.715966469421346
3579.9300794906353,39.051218529218076
3580.9300599597664,73.10213812287402
3581.930040428898,57.20766863187498
3582.9300208980294,176.9608511097441
3583.930001367161,75.68966411967934
3584.9299818362924,23.044489666601823
3585.929962305424,41.19093668557123
3586.9299427745555,70.37623544031403
3587.929923243687,92.04353665462418
3588.9299037128185,41.72671853992868
3589.9298841819495,69.94633733333652
3590.929864651081,115.62570006863454
3591.9298451202126,60.160032721451174
3592.929825589344,76.26540300901542
3593.9298060584756,55.7012745848241
3594.929786527607,47.17536077543157
3595.9297669967386,89.6084316099848
3596.92974746587,73.2042313953054
3597.9297279350017,103.24404990864957
3598.9297084041327,63.87964967372343
3599.9296888732642,92.84669655800205
3600.9296693423958,69.32727096163563
3601.9296498115273,50.4005377170173
3602.929630280659,77.97259868221822
3603.9296107497903,27.967405358790366
3604.929591218922,21.41775986489884
3605.9295716880533,45.79618586349913
3606.9295521571844,97.35704812420387
3607.929532626316,107.04520349189515
3608.9295130954474,89.54023365457822
3609.929493564579,112.78305424979757
3610.9294740337104,134.03337147335012
3611.929454502842,85.78846301197039
3612.9294349719735,24.365130327778527
3613.929415441105,66.37723634405434
3614.9293959102365,138.70218148405684
3615.9293763793676,102.28251614256462
3616.929356848499,57.583623007685794
3617.9293373176306,76.98063953320566
3618.929317786762,81.7612007618581
3619.9292982558936,12.584022633696256
3620.929278725025,33.04325384120181
3621.9292591941567,111.66595597579273
3622.929239663288,113.76148207930493
3623.9292201324197,60.840437438980224
3624.9292006015507,28.904085989518933
3625.9291810706823,43.412332004680984
3626.929161539814,162.84214574645176
3627.9291420089453,79.38759535090067
3628.929122478077,121.11282853642881
3629.9291029472083,44.32965951788645
3630.92908341634,48.05126736209001
3631.9290638854714,59.71795503336025
3632.9290443546024,64.53743960840069
3633.929024823734,61.60917454781073
3634.9290052928654,148.26829858546364
3635.928985761997,131.41740468482203
3636.9289662311285,105.20935608096454
3637.92894670026,108.33539415808255
3638.9289271693915,28.757077116969537
3639.928907638523,23.83197626548109
3640.9288881076545,57.66069053994406
3641.9288685767856,85.51958726342144
3642.928849045917,133.3304215394147
3643.9288295150486,35.8682064644903
3644.92880998418,92.0239822496709
3645.9287904533116,163.05835191790118
3646.928770922443,66.61655480327488
3647.9287513915747,47.74330488281452
3648.928731860706,68.7322708933803
3649.9287123298377,92.30364275995092
3650.9286927989688,60.41015555167292
3651.9286732681003,109.60498016905036
3652.928653737232,105.23404233738214
3653.9286342063633,81.43044760405405
3654.928614675495,124.62453442777793
3655.9285951446263,43.345670676950455
3656.928575613758,77.18964978508053
3657.9285560828894,72.26537304025634
3658.9285365520204,63.682457090913545
3659.928517021152,80.09428380952451
3660.9284974902835,74.88002264633108
3661.928477959415,110.16851617665645
3662.9284584285465,92.09809063305917
3663.928438897678,117.4512143011311
3664.9284193668095,52.50413960318699
3665.928399835941,44.10855864046516
3666.9283803050726,43.27772989011944
3667.9283607742036,31.75921801295909
3668.928341243335,68.34363962008185
3669.9283217124666,76.6999574257279
3670.928302181598,42.51748801334083
3671.9282826507297,131.4158763562731
3672.928263119861,57.035423776801636
3673.9282435889927,12.234529002730069
3674.928224058124,31.381177369637786
3675.9282045272557,24.084731829704413
3676.928184996387,23.82500705107065
3677.9281654655183,13.27752808954812
3678.92814593465,55.54074304222957
3679.9281264037813,23.0847998344879
3680.928106872913,78.44927904406654
3681.9280873420444,64.39622848487932
3682.928067811176,28.300867261384045
3683.9280482803074,33.06279370945328
3684.9280287494385,74.17405810603638
3685.92800921857,82.77917634084449
3686.9279896877015,107.88218167180439
3687.927970156833,44.723360966664515
3688.9279506259645,24.1781769248482
3689.927931095096,83.97501673108744
3690.9279115642275,75.09673632843095
3691.927892033359,13.220248683109466
3692.9278725024906,1.012548686232511
3693.9278529716216,38.22856544945279
3694.927833440753,28.074245299667407
3695.9278139098847,106.73165491962206
3696.927794379016,69.01561193150094
3697.9277748481477,104.52803212844327
3698.927755317279,123.97344673214599
3699.9277357864107,73.86731720945045
3700.9277162555422,109.62118543145093
3701.9276967246733,93.0597233898786
3702.927677193805,111.80131441153115
3703.9276576629363,44.58480447240798
3704.927638132068,28.227007653640182
3705.9276186011994,83.94615088307783
3706.927599070331,78.39632522998265
3707.9275795394624,39.021996918122646
3708.927560008594,13.811617509344279
3709.9275404777254,121.08265103355761
3710.9275209468565,141.9562588455606
3711.927501415988,112.37903778104568
3712.9274818851195,117.00954073827207
3713.927462354251,130.67552432000005
3714.9274428233825,226.61453731760793
3715.927423292514,116.2503133971468
3716.9274037616456,17.031441008762293
3717.927384230777,78.4284694765952
3718.9273646999086,136.3092672831249
3719.9273451690397,90.70216319392127
3720.927325638171,64.69295273690348
3721.9273061073027,8.800436641720953
3722.927286576434,114.17400082939935
3723.9272670455657,97.09646182875906
3724.9272475146972,37.82955332270796
3725.9272279838287,106.70917468551775
3726.9272084529603,67.05114009374608
3727.9271889220913,155.3038300251498
3728.927169391223,93.5490777919318
3729.9271498603543,127.98428849792292
3730.927130329486,57.56707124994122
3731.9271107986174,168.01635424852495
3732.927091267749,129.45154965446972
3733.9270717368804,46.602723989322875
3734.927052206012,84.44555024190166
3735.9270326751434,47.898252548385706
3736.9270131442745,153.20477769170014
3737.926993613406,89.32646930109686
3738.9269740825375,89.09862008092443
3739.926954551669,81.61056310014503
3740.9269350208006,30.137267286565855
3741.926915489932,77.52206297081027
3742.9268959590636,104.20207833997108
3743.926876428195,79.85705948310421
3744.9268568973266,103.77637015533398
3745.9268373664577,58.30587460599682
3746.926817835589,131.0928790168829
3747.9267983047207,163.52696358785855
3748.926778773852,157.3384176258584
3749.9267592429837,123.59879405405741
3750.9267397121152,84.09268400844685
3751.9267201812468,104.3322719337413
3752.9267006503783,97.580475969939
3753.9266811195093,94.17977522983402
3754.926661588641,146.92436117235744
3755.9266420577724,98.4996715031942
3756.926622526904,25.04306565594808
3757.9266029960354,91.14642528583357
3758.926583465167,67.08858836455089
3759.9265639342984,61.9852873828701
3760.92654440343,77.39533495300785
3761.9265248725615,28.086087773203065
3762.9265053416925,10.16610968427614
3763.926485810824,106.45026194119485
3764.9264662799555,85.62687647176463
3765.926446749087,13.343255512895128
3766.9264272182186,67.48755329196601
3767.92640768735,78.15819430055869
3768.9263881564816,31.72271806458428
3769.926368625613,93.02463093256785
3770.9263490947446,84.90404596623627
3771.9263295638757,20.809140678448966
3772.926310033007,48.54303543614418
3773.9262905021387,75.04908153239079
3774.9262709712702,73.24525394466968
3775.9262514404018,114.73662185033554
3776.9262319095333,190.87782430100464
3777.926212378665,102.75754466079012
3778.9261928477963,59.93315556170086
3779.9261733169274,138.65304969092668
3780.926153786059,52.9488964979126
3781.9261342551904,126.08200830849133
3782.926114724322,23.61841008196272
3783.9260951934534,86.59920755753663
3784.926075662585,73.71247875397123
3785.9260561317165,125.54840301331313
3786.926036600848,136.22803214183992
3787.9260170699795,90.56281533488996
3788.9259975391105,105.2402465867293
3789.925978008242,41.65225087683344
3790.9259584773736,120.26072009474832
3791.925938946505,87.1185594604175
3792.9259194156366,52.08053236180167
3793.925899884768,66.43736351475872
3794.9258803538996,73.05025296886843
3795.925860823031,41.941792006422915
3796.9258412921627,96.3286023997843
3797.9258217612937,31.882064448558854
3798.9258022304252,21.87384512795703
3799.9257826995567,57.234663639689636
3800.9257631686883,35.8624853778854
3801.92574363782,38.464391894467425
3802.9257241069513,132.55714294502064
3803.925704576083,171.31180521212374
3804.9256850452143,124.24686011021242
3805.9256655143454,181.76926691655908
3806.925645983477,68.18738340362957
3807.9256264526084,36.72487903818952
3808.92560692174,44.573204408239256
3809.9255873908714,43.54732458994769
3810.925567860003,85.5116208725161
3811.9255483291345,94.80591746432746
3812.925528798266,80.41458182029216
3813.9255092673975,221.07109116690543
3814.9254897365286,48.69565315487174
3815.92547020566,71.89382181018121
3816.9254506747916,107.66978713644488
3817.925431143923,93.2528149508478
3818.9254116130546,45.25842546981915
3819.925392082186,23.094349525829763
3820.9253725513177,57.843004481743186
3821.925353020449,53.63154017035858
3822.9253334895807,92.40664141096163
3823.9253139587117,24.171492086425122
3824.9252944278433,102.37752838531003
3825.9252748969748,11.791541561533917
3826.9252553661063,22.147269374843624
3827.925235835238,53.69234782670071
3828.9252163043693,81.73032495222759
3829.925196773501,41.485732513518364
3830.9251772426323,76.12952643083656
3831.9251577117634,55.161697836513405
3832.925138180895,14.464295154566212
3833.9251186500264,148.89618213063383
3834.925099119158,94.32320609789078
3835.9250795882895,54.80290083689438
3836.925060057421,30.438132806557437
3837.9250405265525,28.970602195928713
3838.925020995684,87.92002166745326
3839.9250014648155,73.60374578292482
3840.9249819339466,55.24039492211835
3841.924962403078,133.24065324169527
3842.9249428722096,83.52429536193249
3843.924923341341,19.91969701732455
3844.9249038104726,68.8208627051775
3845.924884279604,216.1335794269841
3846.9248647487357,150.7342020910389
3847.924845217867,49.70494170219576
3848.9248256869987,69.77888453405313
3849.9248061561298,42.64948700569466
3850.9247866252613,68.77313854250716
3851.924767094393,111.89837304134389
3852.9247475635243,158.03149698966402
3853.924728032656,11.062915106107852
3854.9247085017873,102.12465958792632
3855.924688970919,129.43673589097799
3856.9246694400504,85.7025479430934
3857.9246499091814,71.40007341668007
3858.924630378313,73.46867974498275
3859.9246108474445,75.37676989749707
3860.924591316576,84.23367842067363
3861.9245717857075,55.895702786150586
3862.924552254839,195.01184386851955
3863.9245327239705,168.23250626669676
3864.924513193102,44.97319520275168
3865.9244936622335,20.822399629491464
3866.9244741313646,62.65269587365484
3867.924454600496,46.565631756716726
3868.9244350696276,72.48144330458913
3869.924415538759,125.02510490231079
3870.9243960078907,72.43826662167156
3871.924376477022,96.63686579807354
3872.9243569461537,77.1855056377728
3873.924337415285,85.03748756956357
3874.9243178844167,172.32191194925704
3875.924298353548,117.71747194700772
3876.9242788226793,36.91932804641115
3877.924259291811,57.23900269137274
3878.9242397609423,116.35662954339443
3879.924220230074,88.09454364672224
3880.9242006992054,100.07542076013617
3881.924181168337,10.138610336404513
3882.9241616374684,94.98391158652761
3883.9241421065994,1.5532740675444257
3884.924122575731,51.35593549112093
3885.9241030448625,137.69856374523857
3886.924083513994,63.29124474465394
3887.9240639831255,42.810071965169826
3888.924044452257,19.56513172097832
3889.9240249213885,113.0928381054
3890.92400539052,44.9758435455901
3891.9239858596516,42.10419253244523
3892.9239663287826,87.3305192100144
3893.923946797914,32.35202582749254
3894.9239272670457,76.75325812362719
3895.923907736177,50.9911674769446
3896.9238882053087,81.68140752738026
3897.92386867444,59.164714714500846
3898.9238491435717,111.05242565445498
3899.9238296127032,32.282570481597425
3900.9238100818347,26.82807802892683
3901.923790550966,83.43804723594201
3902.9237710200973,86.66454775212077
3903.923751489229,146.75329605829944
3904.9237319583603,106.28927326237334
3905.923712427492,76.70264674063445
3906.9236928966234,85.5119365374742
3907.923673365755,100.86349047061611
3908.9236538348864,134.86580462504588
3909.9236343040175,42.6802538731023
3910.923614773149,60.39676130297278
3911.9235952422805,80.55949668078337
3912.923575711412,117.18290389258259
3913.9235561805435,87.71513314124982
3914.923536649675,59.47423601286325
3915.9235171188066,30.355939469550655
3916.923497587938,42.016326667873365
3917.9234780570696,71.55706491579632
3918.9234585262006,25.14595171134566
3919.923438995332,107.79605216813526
3920.9234194644637,18.56425264231716
3921.923399933595,12.242179281169287
3922.9233804027267,54.374799539817644
3923.923360871858,27.965164268250184
3924.9233413409897,68.86961763138314
3925.9233218101213,164.9319700100743
3926.9233022792528,64.0563705446363
3927.923282748384,200.54366946909954
3928.9232632175153,133.70528924548694
3929.923243686647,40.44251032374456
3930.9232241557784,44.132606615099256
3931.92320462491,34.831133905680765
3932.9231850940414,147.95620218531377
3933.923165563173,66.17760330231573
3934.9231460323044,66.2396760142043
3935.9231265014355,43.863952677560604
3936.923106970567,32.309496831019146
3937.9230874396985,91.03955563355079
3938.92306790883,71.23484979560672
3939.9230483779615,93.9363223471516
3940.923028847093,58.60281513982073
3941.9230093162246,75.14334494186535
3942.922989785356,91.25296300392652
3943.9229702544876,151.76438678856124
3944.9229507236187,94.14806307247642
3945.92293119275,79.9924929317303
3946.9229116618817,107.79279477070118
3947.922892131013,68.24404834201104
3948.9228726001447,37.32511087206024
3949.9228530692762,15.0222256845349
3950.9228335384078,44.55932011716746
3951.9228140075393,39.158071479355414
3952.922794476671,51.316860174727424
3953.922774945802,43.355560540208685
3954.9227554149334,46.326968488716176
3955.922735884065,84.69662751027313
3956.9227163531964,93.69915106528573
3957.922696822328,72.29442894009173
3958.9226772914594,96.37632002593811
3959.922657760591,107.14707294831767
3960.9226382297225,43.690666558608704
3961.9226186988535,45.89513250675507
3962.922599167985,10.853215657503338
3963.9225796371165,52.65477103885542
3964.922560106248,172.61059911754248
3965.9225405753796,57.64362016129699
3966.922521044511,96.7685267264103
3967.9225015136426,102.92110196770557
3968.922481982774,173.03267948162753
3969.9224624519056,104.83147831686942
3970.9224429210367,47.94042212060614
3971.922423390168,117.5584981307117
3972.9224038592997,149.73828575599742
3973.9223843284312,73.45996095247476
3974.9223647975628,97.93280266637997
3975.9223452666943,61.679244320241295
3976.922325735826,38.330563127813875
3977.9223062049573,26.513866178621353
3978.922286674089,96.58738971877892
3979.92226714322,105.83212149972044
3980.9222476123514,56.939514562842064
3981.922228081483,130.41933664494823
3982.9222085506144,107.9276141508852
3983.922189019746,122.06074042246429
3984.9221694888774,117.46357149313124
3985.922149958009,65.02822796442756
3986.9221304271405,70.02165199235999
3987.9221108962715,132.45270410647586
3988.922091365403,52.17261633113461
3989.9220718345346,142.15100994469765
3990.922052303666,103.12476551691883
3991.9220327727976,147.60067992327393
3992.922013241929,124.05228359774227
3993.9219937110606,98.97513982070842
3994.921974180192,78.09193945716974
3995.9219546493237,50.36376464447801
3996.9219351184547,64.32403808677985
3997.921915587586,89.49738146748368
3998.9218960567177,48.58955657465382
3999.9218765258493,268.3962975989303
4000.9218569949808,115.2374943418784
4001.9218374641123,127.72557167549283
4002.921817933244,29.208330160414068
4003.9217984023753,53.61992916079967
4004.921778871507,65.60909849653537
4005.921759340638,97.62815456737164
4006.9217398097694,24.992024287767272
4007.921720278901,29.33933390663733
4008.9217007480324,85.52932567275204
4009.921681217164,92.21349977610593
4010.9216616862955,103.54828291694436
4011.921642155427,88.50963433179214
4012.9216226245585,48.606411965117005
4013.9216030936896,145.85984678839574
4014.921583562821,26.008069257884873
4015.9215640319526,6.904275943199804
4016.921544501084,23.160829800546324
4017.9215249702156,61.80404459550033
4018.921505439347,60.29490953425372
4019.9214859084786,70.3853952474066
4020.92146637761,17.459605941922327
4021.9214468467417,25.555154956853166
4022.9214273158727,30.50844975612201
4023.9214077850042,79.806142765809
4024.9213882541358,73.75773292315117
4025.9213687232673,74.82473453302201
4026.921349192399,96.93106204301941
4027.9213296615303,112.65605720292938
4028.921310130662,59.23301150578756
4029.9212905997933,139.9240559562008
4030.921271068925,51.67953056057765
4031.921251538056,98.6011886760027
4032.9212320071874,25.84494044513904
4033.921212476319,86.100580886285
4034.9211929454505,59.87617097293479
4035.921173414582,42.312745761807044
4036.9211538837135,46.70584421378484
4037.921134352845,31.671028166462285
4038.9211148219765,12.362471695294667
4039.9210952911076,89.68925682870355
4040.921075760239,115.23239127341179
4041.9210562293706,86.48330375635298
4042.921036698502,52.505797055007356
4043.9210171676336,53.33715737234437
4044.920997636765,90.82533391788064
4045.9209781058967,35.035116976543904
4046.920958575028,120.04565482503628
4047.9209390441597,93.21133661286565
4048.9209195132908,57.89862869988406
4049.9208999824223,72.77106586185019
4050.920880451554,69.75209355572154
4051.9208609206853,91.97627305202987
4052.920841389817,40.19054862058552
4053.9208218589483,29.652881942672945
4054.92080232808,28.022000899278847
4055.9207827972114,39.909680772707674
4056.920763266343,14.36349246141108
4057.920743735474,49.71099763358664
4058.9207242046054,11.112813388615871
4059.920704673737,27.374382661866253
4060.9206851428685,33.40280622772098
4061.920665612,18.673740851178984
4062.9206460811315,86.490585255311
4063.920626550263,88.84502488127738
4064.9206070193945,77.51692236362669
4065.9205874885256,161.52269429088315
4066.920567957657,79.57248276257984
4067.9205484267886,3.7902654219450307
4068.92052889592,5.3829558241176745
4069.9205093650517,49.2408414057712
4070.920489834183,198.13113221909134
4071.9204703033147,33.62157972789393
4072.920450772446,68.28088667120443
4073.9204312415777,80.12414555473354
4074.920411710709,72.6047566129639
4075.9203921798403,40.25620975699741
4076.920372648972,122.71859655530206
4077.9203531181033,80.35849593286348
4078.920333587235,91.10507876311655
4079.9203140563664,90.58451230069433
4080.920294525498,98.1428938391854
4081.9202749946294,41.60262260641312
4082.920255463761,119.24531259317605
4083.920235932892,47.41858543769384
4084.9202164020235,39.24449378973928
4085.920196871155,37.073654254324225
4086.9201773402865,48.86532635294487
4087.920157809418,107.35151134611564
4088.9201382785495,117.87499984218353
4089.920118747681,70.51268922350548
4090.9200992168126,64.51663967178324
4091.9200796859436,43.09163824534683
4092.920060155075,124.6847317460275
4093.9200406242066,39.73098803724324
4094.920021093338,86.04154413050183
4095.9200015624697,4.7867915047004495
4096.919982031601,40.01678308181405
4097.919962500732,41.40734285964891
4098.919942969864,27.5220292919355
4099.919923438995,125.51978291297303
4100.919903908127,55.928381438359644
4101.919884377258,113.95057031163252
4102.91986484639,73.84504330135515
4103.919845315521,101.39649457009037
4104.919825784653,59.28719146317218
4105.919806253784,91.64459491248138
4106.919786722916,62.52836394881081
4107.919767192047,64.55807501700612
4108.919747661179,102.46936244917788
4109.91972813031,124.5362043748562
4110.919708599442,70.78984593829853
4111.9196890685735,17.66724559193626
4112.919669537705,4.041094812608211
4113.919650006836,83.07560161986034
4114.919630475967,12.543831304331986
4115.919610945099,38.34777786793357
4116.91959141423,106.52530169406378
4117.919571883362,51.82694043642676
4118.919552352493,41.79029372436129
4119.919532821625,36.925885949474946
4120.919513290756,65.93123133272368
4121.919493759888,136.1478304979265
4122.919474229019,98.30659113705275
4123.919454698151,107.62360257286029
4124.919435167282,354.1881594089999
4125.919415636414,25.671246016649437
4126.919396105545,243.41860226288028
4127.919376574677,53.249733659090126
4128.919357043808,118.1851806905451
4129.91933751294,94.1306655380548
4130.91931798207,15.21718882390451
4131.919298451202,95.99263440742803
4132.919278920333,28.201932502454056
4133.919259389465,79.92085913105545
4134.9192398585965,94.21316907096309
4135.919220327728,56.957215227023795
4136.9192007968595,55.78583179576978
4137.919181265991,20.24979962044911
4138.9191617351225,88.12845218281682
4139.919142204254,54.71226479343126
4140.919122673386,59.585697614287476
4141.919103142517,54.49113236219934
4142.919083611649,130.65718731531297
4143.91906408078,136.6702774449813
4144.919044549912,112.89681805018277
4145.919025019043,161.28052516635088
4146.919005488175,43.436163120505206
4147.918985957305,39.93684672632089
4148.918966426437,131.17237379142466
4149.918946895568,79.55945451700883
4150.9189273647,109.40929566171343
4151.918907833831,22.265551513869973
4152.918888302963,92.45423722763195
4153.918868772094,149.96318988969827
4154.918849241226,21.328342341321136
4155.918829710357,44.70520334681262
4156.918810179489,46.50720710693171
4157.91879064862,48.655420755462465
4158.918771117752,72.13126964182955
4159.918751586883,54.669315511905644
4160.918732056015,24.1969237203613
4161.9187125251465,81.20894437976786
4162.918692994278,30.405533560319146
4163.9186734634095,8.111922845930858
4164.918653932541,69.56206400172267
4165.918634401672,30.938335029424785
4166.918614870803,27.360813463999452
4167.918595339935,26.645498143721728
4168.918575809066,48.29209038600852
4169.918556278198,37.832777172661274
4170.918536747329,64.72428503251012
4171.918517216461,51.766459914822796
4172.918497685592,38.09476230523639
4173.918478154724,17.340806076707782
4174.918458623855,22.059303562781256
4175.918439092987,74.26927085434431
4176.918419562118,95.2286188630203
4177.91840003125,49.81404629408044
4178.918380500381,59.82624906188181
4179.918360969513,30.421038679780366
4180.918341438644,13.58955349603722
4181.918321907776,56.912817304874785
4182.9183023769065,35.554208078673945
4183.918282846038,15.881708090533303
4184.9182633151695,100.25258918141482
4185.918243784301,40.195764124712056
4186.9182242534325,34.124386757175905
4187.918204722564,41.22897124425207
4188.918185191696,86.6038469891445
4189.918165660827,63.9035943415952
4190.918146129959,105.98090329617543
4191.91812659909,18.14223746964065
4192.918107068222,76.87660492956225
4193.918087537353,67.46882929909906
4194.918068006485,74.54771166651103
4195.918048475616,55.01710490764081
4196.918028944748,89.05025692656427
4197.918009413879,127.22838248797032
4198.917989883011,34.399479989616985
4199.917970352141,69.34499675895171
4200.917950821273,44.156675667479355
4201.917931290404,86.4197870887179
4202.917911759536,30.365107166066394
4203.917892228667,56.20816353125188
4204.917872697799,68.66582919631865
4205.91785316693,90.17814772103115
4206.917833636062,87.0745849406153
4207.917814105193,64.34030168304383
4208.917794574325,62.77159461440456
4209.9177750434565,52.45015731971326
4210.917755512588,121.1211910261449
4211.9177359817195,78.29529960266984
4212.917716450851,67.84799983041403
4213.9176969199825,123.6777749575134
4214.917677389114,12.965573550094708
4215.917657858246,33.787941341975895
4216.917638327377,37.04830803722321
4217.917618796508,86.19140430303797
4218.917599265639,58.74912039747669
4219.917579734771,24.3094714062041
4220.917560203902,24.903346480260097
4221.917540673034,57.30908303052155
4222.917521142165,74.67931338310855
4223.917501611297,18.773582499170047
4224.917482080428,69.83151109054585
4225.91746254956,67.04799008412994
4226.917443018691,82.4188387693856
4227.917423487823,81.25341948589453
4228.917403956954,47.68082792636683
4229.917384426086,119.45296037341
4230.917364895217,45.99799482795097
4231.917345364349,77.77312742630976
4232.91732583348,30.265666861801346
4233.917306302612,103.15429264988107
4234.9172867717425,78.30634977613138
4235.917267240874,50.25223589077418
4236.9172477100055,115.47041259557155
4237.917228179137,37.59803292624654
4238.917208648269,54.330387829912574
4239.9171891174,50.36489296477623
4240.917169586532,62.31992520914811
4241.917150055663,78.59600446781518
4242.917130524795,67.77901511899286
4243.917110993926,7.3006996009495655
4244.917091463058,47.862472195327264
4245.917071932189,55.00961360988067
4246.917052401321,51.61055920664242
4247.917032870452,84.12927499100881
4248.917013339584,80.63636443599925
4249.916993808715,36.3271636131088
4250.916974277847,60.85257935751431
4251.916954746977,66.0371283350114
4252.916935216109,16.496450701578105
4253.91691568524,114.90664486519151
4254.916896154372,93.79422789484872
4255.916876623503,46.850790717501695
4256.916857092635,101.93742203954301
4257.916837561766,104.15398216806842
4258.916818030898,98.92045575183677
4259.9167985000295,51.238595072116624
4260.916778969161,5.518090089300281
4261.9167594382925,37.2410325798365
4262.916739907424,19.100848567207898
4263.9167203765555,101.27560980554327
4264.916700845687,30.578733895934757
4265.916681314819,124.35372049806163
4266.91666178395,60.55342115768071
4267.916642253082,139.61408414714245
4268.916622722213,37.453668554318156
4269.916603191344,16.903431830793455
4270.916583660475,27.022656290622812
4271.916564129607,22.789011939408415
4272.916544598738,32.20483845631474
4273.91652506787,61.56581948340244
4274.916505537001,85.90796472959742
4275.916486006133,83.03917803107248
4276.916466475264,26.306755542113933
4277.916446944396,51.77857123189018
4278.916427413527,24.447459387002638
4279.916407882659,27.03025574258161
4280.91638835179,68.5774617839325
4281.916368820922,56.44787399604156
4282.916349290053,60.20746202415062
4283.916329759185,89.87208041701172
4284.916310228316,44.07055860441929
4285.916290697448,112.17681125616092
4286.916271166579,66.82373940921781
4287.91625163571,20.6065433344171
4288.916232104842,88.65397959666596
4289.916212573973,112.42394878344078
4290.916193043105,42.74588799654719
4291.916173512236,47.832755664469204
4292.916153981368,101.83977127338595
4293.916134450499,93.6754348905051
4294.916114919631,26.339592364431905
4295.916095388762,76.00296429732846
4296.916075857894,15.528637224970725
4297.916056327025,50.53366381745855
4298.916036796157,74.1734868075398
4299.916017265288,7.008655943391439
4300.91599773442,26.107090388361108
4301.915978203551,50.53175443491351
4302.915958672683,21.1655314926782
4303.915939141813,23.155887710533207
4304.915919610945,31.743521609695975
4305.915900080076,18.397201436506275
4306.915880549208,38.42077017705723
4307.9158610183395,75.28431238362057
4308.915841487471,82.25645150623293
4309.9158219566025,73.3163298117003
4310.915802425734,57.51593562740715
4311.9157828948655,22.939381293863043
4312.915763363997,58.66881408446301
4313.9157438331285,56.03059882661574
4314.91572430226,66.79570695840741
4315.915704771392,29.002110522538622
4316.915685240523,28.009960667138202
4317.915665709655,72.93066144509277
4318.915646178786,73.68477457108226
4319.915626647918,176.74384821204268
4320.915607117049,18.459605748716506
4321.91558758618,81.67059770082032
4322.915568055311,50.171708791033836
4323.915548524443,80.8718760832423
4324.915528993574,69.70197860697726
4325.915509462706,94.18541735723657
4326.915489931837,98.09018487897886
4327.915470400969,67.85027942323434
4328.9154508701,62.04558703227962
4329.915431339232,61.13294139247874
4330.915411808363,60.17905515123708
4331.915392277495,30.511745052999984
4332.915372746626,71.97407852188776
4333.915353215758,23.825370942288274
4334.915333684889,45.02339777150199
4335.915314154021,56.99290869920692
4336.9152946231525,21.194898090683672
4337.915275092284,25.12056820563036
4338.915255561415,89.6526085324851
4339.915236030546,73.23485614314059
4340.915216499678,52.85387575286363
4341.915196968809,71.74344471760067
4342.915177437941,137.9817674609793
4343.915157907072,74.76514838348326
4344.915138376204,9.478423744557428
4345.915118845335,17.72085505725762
4346.915099314467,39.55233496335487
4347.915079783598,17.76207004235322
4348.91506025273,16.454143765102614
4349.915040721861,57.270393664192476
4350.915021190993,28.873524395612893
4351.915001660124,44.98421633089289
4352.914982129256,24.302386870781156
4353.914962598387,74.91810634198228
4354.914943067519,131.28415639043766
4355.914923536649,29.69794266910866
4356.914904005781,88.90487956537058
4357.9148844749125,33.193649057530656
4358.914864944044,31.71569389411539
4359.9148454131755,34.30817537357401
4360.914825882307,31.79384773238732
4361.9148063514385,67.97373327548165
4362.91478682057,16.456964938958897
4363.914767289702,92.50591411955462
4364.914747758833,14.701532603378125
4365.914728227965,77.58884861740941
4366.914708697096,29.520407272188933
4367.914689166228,40.705297717705776
4368.914669635359,21.201144831409646
4369.914650104491,72.56340407426283
4370.914630573622,135.01192150237145
4371.914611042754,50.35163628977257
4372.914591511885,173.8878325996083
4373.914571981016,37.941094340144005
4374.914552450147,122.99287573729629
4375.914532919279,42.75564306563345
4376.91451338841,37.676340489531114
4377.914493857542,10.872804441916495
4378.914474326673,30.565342323796163
4379.914454795805,58.52787267547262
4380.914435264936,48.686992624325086
4381.914415734068,86.19211165849775
4382.914396203199,23.719112496185716
4383.914376672331,82.20471545381248
4384.9143571414625,154.37445902526323
4385.914337610594,42.91117873863602
4386.9143180797255,20.3970568590653
4387.914298548857,31.53615799922629
4388.9142790179885,19.3106952470484
4389.91425948712,51.52916092431058
4390.914239956251,113.32153894959173
4391.914220425382,20.999224719428113
4392.914200894514,8.306846675661275
4393.914181363645,103.44567271799426
4394.914161832777,44.34806890088203
4395.914142301908,75.08053934072471
4396.91412277104,72.51637220251698
4397.914103240171,92.70805841978661
4398.914083709303,45.884395948356314
4399.914064178434,45.68194269000066
4400.914044647566,4.1755218920014
4401.914025116697,100.68638423107048
4402.914005585829,53.5609181945733
4403.91398605496,40.922745649281154
4404.913966524092,29.428045422400462
4405.913946993223,46.43716079056306
4406.913927462355,32.941687093193856
4407.9139079314855,69.18310269572841
4408.913888400617,54.33229546166368
4409.9138688697485,21.932813976421663
4410.91384933888,33.82777964165008
4411.9138298080115,65.46618979878384
4412.913810277143,70.16316654545109
4413.913790746275,61.49635889925409
4414.913771215406,76.82395053509721
4415.913751684538,89.31233364028765
4416.913732153669,70.77562737294201
4417.913712622801,39.53816448430792
4418.913693091932,64.13278778296429
4419.913673561064,34.65680667477608
4420.913654030195,141.00786997767182
4421.913634499327,30.15303586324825
4422.913614968458,116.20873999779904
4423.91359543759,82.31315909437164
4424.913575906721,109.38472203058637
4425.913556375852,49.0293005438509
4426.913536844983,82.47802220937712
4427.913517314115,49.25676183116867
4428.913497783246,48.56790658698701
4429.913478252378,30.338052658730916
4430.913458721509,20.02765272087422
4431.913439190641,65.40061637503644
4432.913419659772,3.608731404296452
4433.913400128904,65.77362372530489
4434.9133805980355,74.79119732892194
4435.913361067167,14.056528075004762
4436.9133415362985,47.857536042511754
4437.91332200543,39.771978725102095
4438.9133024745615,25.22199940052869
4439.913282943693,52.51802032402218
4440.913263412825,27.6779087183343
4441.913243881956,15.527157935256348
4442.913224351087,36.87545634778308
4443.913204820218,29.363495255343384
4444.91318528935,33.7448194662414
4445.913165758481,66.73490722603105
4446.913146227613,62.81834657455815
4447.913126696744,69.71943661483502
4448.913107165876,48.35591839553541
4449.913087635007,73.71531451068974
4450.913068104139,62.84774656298356
4451.91304857327,76.90280647079733
4452.913029042402,32.196102479400345
4453.913009511533,3.296082869695967
4454.912989980665,35.47218118085491
4455.912970449796,60.064772635323635
4456.912950918928,14.25375563149521
4457.912931388059,42.421380253692995
4458.912911857191,76.82261194854001
4459.9128923263215,140.87291238183877
4460.912872795453,27.859095323533133
4461.912853264585,57.867027400290446
4462.912833733716,125.06577208206848
4463.912814202848,87.75634169102683
4464.912794671979,102.7362662300693
4465.912775141111,39.5388832436654
4466.912755610242,39.47214726635516
4467.912736079374,89.54087254008745
4468.912716548505,18.430585676229928
4469.912697017637,61.97604267094571
4470.912677486768,72.06522152748609
4471.9126579559,102.22032643174073
4472.912638425031,87.56439903266326
4473.912618894163,94.28372620604121
4474.912599363294,38.89915075868278
4475.912579832426,44.73526778738407
4476.912560301557,10.057953424031274
4477.912540770688,38.56953258440697
4478.912521239819,59.100176397726784
4479.912501708951,75.86657222778076
4480.912482178082,47.37876768709445
4481.912462647214,61.99065450295635
4482.9124431163455,19.89493265182658
4483.912423585477,88.22869467189004
4484.9124040546085,72.96340380518431
4485.91238452374,40.840318563612826
4486.9123649928715,62.518683908050534
4487.912345462003,54.57481172294661
4488.912325931135,96.97836876999374
4489.912306400266,110.59283527421364
4490.912286869398,85.22485269268277
4491.912267338529,132.30080956857756
4492.912247807661,45.57315245654296
4493.912228276792,76.05525773469346
4494.912208745923,67.57215469585522
4495.912189215054,54.14155130771034
4496.912169684186,19.020555401908087
4497.912150153317,60.05752714981428
4498.912130622449,84.99414785969996
4499.91211109158,233.2665847645817
4500.912091560712,66.44248954114902
4501.912072029843,59.885840995745966
4502.912052498975,43.176672927334934
4503.912032968106,72.49678866742266
4504.912013437238,35.215250884257166
4505.911993906369,12.336747169618386
4506.911974375501,1.4426827063763998
4507.911954844632,93.16512113824685
4508.911935313764,49.33458384571634
4509.911915782895,69.64511571518197
4510.911896252027,49.76064574590702
4511.911876721158,46.019024729201824
4512.911857190289,56.000233112677726
4513.911837659421,59.814943713934845
4514.911818128552,13.595746228825773
4515.911798597684,32.23778179457444
4516.911779066815,75.13869318426998
4517.911759535947,65.5882473551153
4518.911740005078,56.67687169434394
4519.91172047421,85.59433089772565
4520.911700943341,29.451656617234548
4521.911681412473,36.79541036588754
4522.911661881604,53.4585156492972
4523.911642350736,23.093230801830448
4524.911622819867,78.82302685012634
4525.911603288999,91.2383370143967
4526.91158375813,13.862102111958974
4527.911564227262,51.662212049853785
4528.911544696392,127.80437349998427
4529.911525165524,152.74918122669138
4530.911505634655,55.888937570973084
4531.911486103787,72.22179071823463
4532.9114665729185,121.94524117413607
4533.91144704205,86.62419409351112
4534.9114275111815,44.32378036513056
4535.911407980313,125.3389704308098
4536.9113884494445,116.23708394190619
4537.911368918576,20.048923166227016
4538.911349387708,19.403280443056868
4539.911329856839,39.65364610140524
4540.911310325971,40.99939296767057
4541.911290795102,43.31013547375207
4542.911271264234,112.78108687404364
4543.911251733365,20.27837837812852
4544.911232202497,17.64533666788754
4545.911212671628,16.150433924102988
4546.911193140759,88.75508884401347
4547.91117360989,46.00984323740974
4548.911154079022,55.85526878665023
4549.911134548153,32.20252528300627
4550.911115017285,14.913417504530875
4551.911095486416,15.093457371789343
4552.911075955548,40.18083214764452
4553.911056424679,37.637453172309066
4554.911036893811,55.31986626657958
4555.911017362942,70.55432886938533
4556.910997832074,38.563252525286806
4557.910978301205,128.19027664250243
4558.910958770337,48.257887148906306
4559.9109392394685,22.87833680470648
4560.9109197086,36.32561591568503
4561.9109001777315,33.41728774494157
4562.910880646863,68.21730564685835
4563.910861115994,118.73985881646261
4564.910841585125,54.32285491413564
4565.910822054257,46.9613261602504
4566.910802523388,71.2901184445312
4567.91078299252,56.393441459684915
4568.910763461651,53.896156831604756
4569.910743930783,86.9584921374698
4570.910724399914,64.04780903882481
4571.910704869046,54.64262135499721
4572.910685338177,72.87081769239977
4573.910665807309,33.71113797513918
4574.91064627644,2.843974070620714
4575.910626745572,28.266209742629407
4576.910607214703,50.513050164218804
4577.910587683835,30.931978502831964
4578.910568152966,38.74390528233514
4579.910548622098,41.806815095643195
4580.910529091228,14.782876956545364
4581.91050956036,15.605300288430003
4582.9104900294915,22.944938506957325
4583.910470498623,37.68003150306645
4584.9104509677545,103.32106296791207
4585.910431436886,53.777413269280984
4586.9104119060175,29.600678551881103
4587.910392375149,52.134034725692594
4588.910372844281,45.07554162686103
4589.910353313412,52.136034920511534
4590.910333782544,50.78292184686486
4591.910314251675,93.09635335222436
4592.910294720807,39.601180252547344
4593.910275189938,101.63589569547315
4594.91025565907,106.78860469321764
4595.910236128201,53.36043285431019
4596.910216597333,26.95363541450614
4597.910197066464,97.10910953698321
4598.910177535595,74.96056020721113
4599.910158004726,44.032064608819624
4600.910138473858,106.80427798110183
4601.910118942989,91.99884667245469
4602.910099412121,93.0019016831969
4603.910079881252,69.05428641604242
4604.910060350384,37.925125276020125
4605.910040819515,84.5300975077361
4606.910021288647,53.97724866313934
4607.910001757778,22.07234658479905
4608.90998222691,91.2250330657471
4609.9099626960415,48.871370743497145
4610.909943165173,73.54590820846529
4611.9099236343045,36.72871822389822
4612.909904103436,35.144171411252415
4613.9098845725675,50.72415796217011
4614.909865041699,57.76598357744886
4615.90984551083,76.76013157806881
4616.909825979961,38.78815614753491
4617.909806449093,124.77415732979911
4618.909786918224,47.35505744954503
4619.909767387356,67.70943972918147
4620.909747856487,115.25119988046717
4621.909728325619,49.803781038118906
4622.90970879475,129.72265085944736
4623.909689263882,66.86999622523922
4624.909669733013,13.853454219473196
4625.909650202145,81.85090666484498
4626.909630671276,49.628206629650705
4627.909611140408,45.295999739626225
4628.909591609539,28.63404370251732
4629.909572078671,9.455092933509928
4630.909552547802,17.00512555803121
4631.909533016934,21.02077609044397
4632.9095134860645,64.84396111689479
4633.909493955196,34.50856463000886
4634.9094744243275,55.103979606647094
4635.909454893459,32.42298083010432
4636.909435362591,20.956254935448236
4637.909415831722,65.89572530261857
4638.909396300854,71.27550992087747
4639.909376769985,43.34183538854803
4640.909357239117,21.83965959852608
4641.909337708248,39.45264991591546
4642.90931817738,21.483971198779923
4643.909298646511,26.06284891983871
4644.909279115643,33.366155719707656
4645.909259584774,21.394375021412312
4646.909240053906,26.929608591322587
4647.909220523037,12.981094709648783
4648.909200992169,79.23669482546967
4649.9091814613,47.57533714357752
4650.909161930431,47.44375014819004
4651.909142399562,26.570855204575903
4652.909122868694,66.78498517101627
4653.909103337825,55.493204416903616
4654.909083806957,78.93072334572446
4655.909064276088,115.29870486411414
4656.90904474522,113.00228227195687
4657.9090252143515,24.51015004099127
4658.909005683483,34.71023272256773
4659.9089861526145,142.441447661991
4660.908966621746,30.102320374919795
4661.9089470908775,36.47751533395273
4662.908927560009,24.95778242974701
4663.908908029141,73.60879433434899
4664.908888498272,12.090226556869906
4665.908868967404,33.93807322337278
4666.908849436535,44.23949355318726
4667.908829905666,45.46294871131979
4668.908810374797,76.98636033489716
4669.908790843929,59.57807779638953
4670.90877131306,50.019668531082544
4671.908751782192,51.10257462304822
4672.908732251323,29.598754352274884
4673.908712720455,20.001721980834464
4674.908693189586,43.92345990490761
4675.908673658718,8.605347494019455
4676.908654127849,1.3674725027132044
4677.908634596981,90.19704914038957
4678.908615066112,109.95211092153579
4679.908595535244,12.211129715651746
4680.908576004375,66.74598622075884
4681.908556473507,3.4001481872043087
4682.908536942638,63.68237127662794
4683.90851741177,94.28792244571454
4684.9084978809005,59.3000409241138
4685.908478350032,105.81451354278627
4686.908458819164,7.336907136937604
4687.908439288295,7.294751199506523
4688.908419757427,21.041265176284934
4689.908400226558,66.43915279153595
4690.90838069569,61.98095462501507
4691.908361164821,24.52928903632214
4692.908341633953,17.88814990177154
4693.908322103084,37.8862171960217
4694.908302572216,38.84516924506095
4695.908283041347,50.74066214058645
4696.908263510479,32.89149029340203
4697.90824397961,2.954854708521216
4698.908224448742,19.46849906175694
4699.908204917873,12.606419881070535
4700.908185387005,55.55277616437788
4701.908165856136,82.88043018099025
4702.908146325267,9.091175480791094
4703.908126794398,36.289286214980905
4704.90810726353,94.45277872551841
4705.908087732661,62.29679245072578
4706.908068201793,11.786149136713844
4707.9080486709245,72.21431340249154
4708.908029140056,117.53761275644248
4709.9080096091875,65.2524624381528
4710.907990078319,59.78628246687035
4711.9079705474505,27.78812127683986
4712.907951016582,124.5896991500901
4713.907931485714,80.6298560610861
4714.907911954845,31.49908440231463
4715.907892423977,67.97747464722146
4716.907872893108,67.82563554036442
4717.90785336224,23.503999943295824
4718.907833831371,39.789160956270145
4719.907814300502,32.19936081457214
4720.907794769633,34.622620310333886
4721.907775238765,78.17922741355763
4722.907755707896,29.63983471014309
4723.907736177028,66.0756077106154
4724.907716646159,66.93383765689161
4725.907697115291,53.81254601364335
4726.907677584422,102.4387524972785
4727.907658053554,21.066084142912892
4728.907638522685,6.903051168982763
4729.907618991817,7.89548887336305
4730.907599460948,23.301082983886598
4731.90757993008,43.27988650866754
4732.907560399211,43.57029512889505
4733.907540868343,33.561904979246535
4734.9075213374745,27.17138927078771
4735.907501806606,73.32104721191165
4736.907482275737,47.31041235787039
4737.907462744868,34.56272944484015
4738.907443214,59.56507047222522
4739.907423683131,67.83091687990728
4740.907404152263,27.414646452833804
4741.907384621394,116.79080208697583
4742.907365090526,43.49191827747031
4743.907345559657,42.96971986736078
4744.907326028789,91.90374895684782
4745.90730649792,46.804179703773926
4746.907286967052,64.91657695869887
4747.907267436183,25.239757163251205
4748.907247905315,28.04119812883729
4749.907228374446,49.440039852962805
4750.907208843578,53.05865329019799
4751.907189312709,69.12223299099361
4752.907169781841,70.98193113578843
4753.907150250972,21.159895409072128
4754.907130720103,44.35331306314065
4755.9071111892345,7.138989107298941
4756.907091658366,52.7041822571131
4757.9070721274975,59.448430671658
4758.907052596629,77.41609124452357
4759.9070330657605,49.13102473528246
4760.907013534892,14.55001955136248
4761.9069940040235,25.839179453273537
4762.906974473155,21.850789160350505
4763.906954942287,55.68508297042768
4764.906935411418,5.6604891550539485
4765.90691588055,52.57437871065578
4766.906896349681,102.91378316530312
4767.906876818813,99.96896272200762
4768.906857287944,78.87056000214848
4769.906837757076,87.53728090098834
4770.906818226207,39.90161889310301
4771.906798695338,43.01944954780233
4772.906779164469,39.88438590600563
4773.906759633601,25.951980753457843
4774.906740102732,48.24208604468537
4775.906720571864,34.353372984616996
4776.906701040995,93.16045945092029
4777.906681510127,22.572824639766182
4778.906661979258,122.4962840303923
4779.90664244839,88.83632086190892
4780.906622917521,58.05359984612204
4781.906603386653,36.27796792880607
4782.906583855784,45.40512211367415
4783.906564324916,55.30322018821065
4784.9065447940475,99.08963924974677
4785.906525263179,36.266163692848345
4786.9065057323105,36.96423639093436
4787.906486201442,7.633752142918634
4788.906466670573,28.70383939821477
4789.906447139704,58.88573544750154
4790.906427608836,18.339852220970744
4791.906408077967,61.33630098213115
4792.906388547099,58.33733938646156
4793.90636901623,12.700357935437765
4794.906349485362,11.246490312946936
4795.906329954493,47.95068103974834
4796.906310423625,79.50563875608343
4797.906290892756,19.81880584735778
4798.906271361888,32.3296432933319
4799.906251831019,60.54176836513578
4800.906232300151,42.70246134650312
4801.906212769282,76.61731648184742
4802.906193238414,20.498535862373995
4803.906173707545,33.87392703960732
4804.906154176677,60.513110659431376
4805.906134645808,11.049072818753062
4806.906115114939,46.901777958232536
4807.9060955840705,54.87280389129745
4808.906076053202,30.08829521788036
4809.9060565223335,51.28181861993739
4810.906036991465,59.61928670848179
4811.906017460597,53.82030624428202
4812.905997929728,84.47416785549808
4813.90597839886,30.2574358032682
4814.905958867991,55.32404055854536
4815.905939337123,38.81173577965871
4816.905919806254,129.69013514406237
4817.905900275386,87.03474102829304
4818.905880744517,45.37238457127792
4819.905861213649,66.72345792831474
4820.90584168278,25.136816109151443
4821.905822151912,25.256202956599893
4822.905802621043,53.28189034335458
4823.905783090174,53.947624583060424
4824.905763559305,68.32376958607809
4825.905744028437,21.6188911402983
4826.905724497568,91.99361609124796
4827.9057049667,66.57343101486309
4828.905685435831,39.80374059818936
4829.905665904963,121.17663161854296
4830.905646374094,30.113965675945472
4831.905626843226,4.471408764961404
4832.9056073123575,69.6646231963374
4833.905587781489,67.59498103528911
4834.9055682506205,30.351226700729466
4835.905548719752,112.94654531786591
4836.9055291888835,27.88843503270281
4837.905509658015,74.52658480109183
4838.905490127147,43.139170150908306
4839.905470596278,23.587118897650992
4840.905451065409,11.58843403533467
4841.90543153454,87.22179555190225
4842.905412003672,30.76491242738477
4843.905392472803,36.56435192527242
4844.905372941935,66.5842839169043
4845.905353411066,14.090337899192923
4846.905333880198,96.24476534919243
4847.905314349329,39.20574379641192
4848.905294818461,24.302884487235705
4849.905275287592,61.778855453884184
4850.905255756724,56.2099547957423
4851.905236225855,40.49834304569913
4852.905216694987,43.54582943040611
4853.905197164118,16.590369371941406
4854.90517763325,33.52270610080767
4855.905158102381,36.3994744897516
4856.905138571513,24.53881861888425
4857.905119040644,31.637005084138753
4858.905099509775,107.7232046801787
4859.9050799789065,29.43552474397119
4860.905060448038,41.56191726027187
4861.90504091717,45.12113997282789
4862.905021386301,30.343145119223998
4863.905001855433,37.344318266742604
4864.904982324564,38.47383242608494
4865.904962793696,82.43906468023597
4866.904943262827,44.57780861076595
4867.904923731959,94.5220698618632
4868.90490420109,33.38836585552838
4869.904884670222,49.14980128755313
4870.904865139353,30.901951584096466
4871.904845608485,31.445750831267624
4872.904826077616,13.709058541636129
4873.904806546748,34.54251590490485
4874.904787015879,60.727522424081194
4875.90476748501,64.3246561185909
4876.904747954141,60.44462822939237
4877.904728423273,31.869569757910337
4878.904708892404,29.804370079967143
4879.904689361536,56.69462085903594
4880.904669830667,27.966946507494715
4881.904650299799,32.50729728971722
4882.9046307689305,35.34382439412653
4883.904611238062,56.74475001679148
4884.9045917071935,26.964540946856523
4885.904572176325,60.74623563691095
4886.9045526454565,22.346440612756666
4887.904533114588,73.89110165957368
4888.90451358372,23.54755339485495
4889.904494052851,22.257067626433393
4890.904474521983,20.2143358840868
4891.904454991114,49.04850449750635
4892.904435460245,10.162713626654094
4893.904415929376,67.78706811845929
4894.904396398508,21.98420179889806
4895.904376867639,77.96940480537518
4896.904357336771,22.48538586573899
4897.904337805902,76.69860589105485
4898.904318275034,14.300626382286836
4899.904298744165,68.7663212307875
4900.904279213297,11.411411910823244
4901.904259682428,49.508816269558224
4902.90424015156,75.41383448818111
4903.904220620691,44.474580860769045
4904.904201089823,30.987975508870377
4905.904181558954,24.86136183125961
4906.904162028086,19.25941786115268
4907.904142497217,40.57926285869314
4908.904122966349,21.040010111818102
4909.9041034354805,10.7179881004731
4910.904083904611,47.174846651371816
4911.904064373743,47.471673134099355
4912.904044842874,60.958450687396684
4913.904025312006,20.396923710515203
4914.904005781137,58.08435895463725
4915.903986250269,51.94666166708989
4916.9039667194,63.58917087372481
4917.903947188532,42.40388361350735
4918.903927657663,34.90878022405655
4919.903908126795,17.64082015582533
4920.903888595926,44.07161682141014
4921.903869065058,50.90727413502738
4922.903849534189,41.96877371196111
4923.903830003321,51.36338318377401
4924.903810472452,5.824986465224328
4925.903790941584,69.46784775565304
4926.903771410715,52.38616379074046
4927.903751879846,61.72468638770069
4928.903732348977,59.403441253335544
4929.903712818109,60.988977933921454
4930.9036932872405,92.89302485983927
4931.903673756372,13.629367587148536
4932.9036542255035,30.177828345953536
4933.903634694635,47.31241224314342
4934.9036151637665,61.63522938760686
4935.903595632898,76.86636785318073
4936.90357610203,16.107895161383045
4937.903556571161,137.41563018278097
4938.903537040293,50.579726055954744
4939.903517509424,65.1767127122903
4940.903497978556,109.48151235806318
4941.903478447687,86.45141379043743
4942.903458916819,80.3681379432545
4943.90343938595,79.13124200372863
4944.903419855081,103.21914780797515
4945.903400324212,92.28132333626385
4946.903380793344,64.88385867609414
4947.903361262475,84.40437379697065
4948.903341731607,77.2497530998241
4949.903322200738,54.47753209947105
4950.90330266987,13.809757116338528
4951.903283139001,141.41873821530706
4952.903263608133,36.725479770568796
4953.903244077264,54.00583454915741
4954.903224546396,56.26656557234365
4955.903205015527,44.05604872619901
4956.903185484659,40.48945787056515
4957.90316595379,43.49784118476742
4958.903146422922,8.811601054480715
4959.9031268920535,87.69687178423506
4960.903107361185,121.7181833691808
4961.903087830316,70.68431617708022
4962.903068299447,162.78810965026207
4963.903048768579,60.48027205703781
4964.90302923771,155.99739020431812
4965.903009706842,65.92864093621064
4966.902990175973,105.19374606808333
4967.902970645105,88.02210569445513
4968.902951114236,117.58596228617596
4969.902931583368,107.29656132684816
4970.902912052499,104.25222840481743
4971.902892521631,45.88886000315797
4972.902872990762,139.65042249970287
4973.902853459894,78.89537208472315
4974.902833929025,102.39373775359225
4975.902814398157,108.07923071509884
4976.902794867288,24.12704637547852
4977.90277533642,57.04548696835536
4978.902755805551,41.694233804540715
4979.902736274682,73.0301156103901
4980.9027167438135,56.65590747519487
4981.902697212945,27.106818589088974
4982.9026776820765,81.68203152033146
4983.902658151208,35.424857175183085
4984.9026386203395,84.48487666781044
4985.902619089471,127.32023649728224
4986.902599558603,101.996560834987
4987.902580027734,80.3118347002541
4988.902560496866,7.178682197288818
4989.902540965997,42.74181407980963
4990.902521435129,64.77238890007735
4991.90250190426,85.97793414869716
4992.902482373392,90.92761514570135
4993.902462842523,7.193792036488613
4994.902443311655,31.438917923025638
4995.902423780786,28.44243163155405
4996.902404249917,50.0142336193336
4997.902384719048,39.1169410981695
4998.90236518818,124.79501797044672
4999.902345657311,122.68622646432637
5000.902326126443,95.12718342883487
5001.902306595574,29.403731680449216
5002.902287064706,71.85447915890994
5003.902267533837,41.65886777367156
5004.902248002969,63.228002076293755
5005.9022284721,69.78130914123241
5006.902208941232,127.08953905577272
5007.9021894103635,91.32268044365718
5008.902169879495,13.978295465023859
5009.9021503486265,54.231249289044804
5010.902130817758,75.33975197293404
5011.9021112868895,69.88265413938633
5012.902091756021,123.7711392801778
5013.902072225152,44.95350856782898
5014.902052694283,71.43362473124361
5015.902033163415,142.7165565484694
5016.902013632546,52.92794625034925
5017.901994101678,49.2175387374993
5018.901974570809,36.90799797182258
5019.901955039941,55.98679898440169
5020.901935509072,43.08873819222438
5021.901915978204,19.511766218384004
5022.901896447335,59.65304065549272
5023.901876916467,9.437426544164158
5024.901857385598,40.3744382858449
5025.90183785473,32.75734150275785
5026.901818323861,59.14474742133114
5027.901798792993,44.829979769298795
5028.901779262124,51.835146640856216
5029.901759731256,65.03285185275165
5030.901740200387,34.87677989487254
5031.901720669518,53.78038754846795
5032.9017011386495,59.27392324215476
5033.901681607781,26.572431986061858
5034.9016620769125,66.80642812751292
5035.901642546044,7.804344384299883
5036.901623015176,89.2038216353483
5037.901603484307,62.68587451621529
5038.901583953439,29.803290592636532
5039.90156442257,42.34734856339395
5040.901544891702,45.75028302227013
5041.901525360833,113.55544528202213
5042.901505829965,52.65210971487123
5043.901486299096,76.69329191022663
5044.901466768228,101.67404021359695
5045.901447237359,86.57671575343853
5046.901427706491,68.16010287304681
5047.901408175622,91.18039804603085
5048.901388644753,108.67703021938536
5049.901369113884,36.35912646556444
5050.901349583016,24.811234158725043
5051.901330052147,82.5328869302634
5052.901310521279,25.00381974914839
5053.90129099041,48.43808025471129
5054.901271459542,42.44107606612811
5055.901251928673,46.909024842507655
5056.901232397805,89.98529660981195
5057.9012128669365,17.126824496397607
5058.901193336068,21.674474312027797
5059.9011738051995,46.91546256070506
5060.901154274331,31.702340279632157
5061.9011347434625,79.82760291856121
5062.901115212594,65.6402785728352
5063.901095681726,102.63709334114039
5064.901076150857,36.944765881185944
5065.901056619988,99.81845427259736
5066.901037089119,62.89890727870147
5067.901017558251,85.0573144920992
5068.900998027382,40.61663899651145
5069.900978496514,14.05353367976238
5070.900958965645,77.18138853186018
5071.900939434777,67.06294075267446
5072.900919903908,62.88098371900037
5073.90090037304,32.15465597151343
5074.900880842171,51.3085896335967
5075.900861311303,52.35254338591416
5076.900841780434,32.42713097493864
5077.900822249566,52.86478042427106
5078.900802718697,15.241287872058107
5079.900783187829,10.878608131266471
5080.90076365696,15.361745859814354
5081.900744126092,74.41244639606653
5082.900724595223,51.1639913689306
5083.900705064354,21.924208793998517
5084.900685533486,24.16410327787694
5085.900666002617,103.58827620194607
5086.900646471749,56.087051317625686
5087.90062694088,110.7706130904028
5088.900607410012,16.39421610961847
5089.900587879143,91.36510167470537
5090.900568348275,63.21339259391644
5091.900548817406,23.395873203460816
5092.900529286538,59.52480096295721
5093.900509755669,60.18695224535385
5094.900490224801,44.61234063639017
5095.900470693932,63.06114043625983
5096.900451163064,17.367536758946837
5097.900431632195,36.632306787196676
5098.900412101327,58.355008088841046
5099.900392570458,74.05107461990326
5100.900373039589,32.55305681163216
5101.90035350872,35.66642928136166
5102.900333977852,30.489655784982197
5103.900314446983,23.730237462390072
5104.900294916115,10.209796878010776
5105.9002753852465,50.010095623871614
5106.900255854378,66.2928682604071
5107.9002363235095,29.631627447777735
5108.900216792641,15.774515014194412
5109.9001972617725,23.745816471654976
5110.900177730904,24.684042511605544
5111.900158200036,56.85263785887132
5112.900138669167,29.805004956745996
5113.900119138299,54.02192506693649
5114.90009960743,76.89383893537773
5115.900080076562,76.53948880688132
5116.900060545693,59.42830947499757
5117.900041014824,58.83525498859564
5118.900021483955,48.34358538100483
5119.900001953087,99.73142108980934
5120.899982422218,39.28731735479718
5121.89996289135,42.429057705223165
5122.899943360481,54.87716210798705
5123.899923829613,90.06586255568672
5124.899904298744,89.49889155198892
5125.899884767876,19.12126982110356
5126.899865237007,110.69951803979494
5127.899845706139,90.1570335932297
5128.89982617527,68.82760776640882
5129.899806644402,57.30772358145831
5130.899787113533,59.842012648322935
5131.899767582665,104.54187661695471
5132.899748051796,18.648584144254208
5133.899728520928,71.93709370447067
5134.8997089900595,93.24490573686751
5135.89968945919,15.481241116921165
5136.899669928322,23.40465012197388
5137.899650397453,124.13020426788653
5138.899630866585,40.840730170853696
5139.899611335716,20.418880668451635
5140.899591804848,27.975671486881964
5141.899572273979,26.60664139256695
5142.899552743111,27.22966506887435
5143.899533212242,28.55218127078637
5144.899513681374,26.5281655493502
5145.899494150505,52.084239914094816
5146.899474619637,5.863655811064975
5147.899455088768,72.12259569824218
5148.8994355579,6.097277474350959
5149.899416027031,70.3845282215505
5150.899396496163,65.43584737816637
5151.899376965294,55.758905979568134
5152.899357434425,56.67625848881675
5153.899337903556,106.98611433411736
5154.899318372688,53.435800409065024
5155.8992988418195,46.06584060530747
5156.899279310951,41.22538743384305
5157.8992597800825,41.22627409999618
5158.899240249214,50.20547829531051
5159.8992207183455,31.83409030191513
5160.899201187477,33.53415330960345
5161.899181656609,15.580966528447165
5162.89916212574,45.736269679187146
5163.899142594872,5.138132757280252
5164.899123064003,24.500066729724082
5165.899103533135,76.74129229712248
5166.899084002266,60.70967970222681
5167.899064471398,23.689831694758826
5168.899044940529,35.40508156432393
5169.89902540966,69.45278177835397
5170.899005878791,48.67931633339981
5171.898986347923,24.707048827163828
5172.898966817054,14.404949554322075
5173.898947286186,14.560389810233039
5174.898927755317,69.50566001078609
5175.898908224449,17.690208720301698
5176.89888869358,5.56436897874317
5177.898869162712,43.25206667851321
5178.898849631843,51.33118509101537
5179.898830100975,23.053377237494203
5180.898810570106,41.52068000518212
5181.898791039238,78.43540426986034
5182.8987715083695,49.19002060388221
5183.898751977501,113.61939888665026
5184.8987324466325,200.42743876103592
5185.898712915764,75.07486028535607
5186.8986933848955,93.29028339021488
5187.898673854026,85.21179018397488
5188.898654323158,22.23279036137186
5189.898634792289,50.20938595211641
5190.898615261421,80.73988372522165
5191.898595730552,70.8927798735841
5192.898576199684,27.477943273172915
5193.898556668815,100.56633998765001
5194.898537137947,26.76516170425227
5195.898517607078,68.91544853250674
5196.89849807621,62.33766748954204
5197.898478545341,26.300394178210357
5198.898459014473,45.95000623776187
5199.898439483604,27.935023713892342
5200.898419952736,28.155368479828155
5201.898400421867,8.990814644764944
5202.898380890999,26.64310827850641
5203.89836136013,27.60211588161853
5204.898341829261,24.929957373404022
5205.8983222983925,44.147413246237925
5206.898302767524,28.336546161970762
5207.8982832366555,30.681531062604364
5208.898263705787,55.646378895831376
5209.898244174919,41.735935266617595
5210.89822464405,24.863196043282922
5211.898205113182,37.49887583750643
5212.898185582313,78.37518019886976
5213.898166051445,64.72426107873525
5214.898146520576,18.209967434325254
5215.898126989708,16.908840767562037
5216.898107458839,32.44452542935469
5217.898087927971,12.295606755940122
5218.898068397102,27.99608871707359
5219.898048866234,53.15320951179305
5220.898029335365,21.835264637704093
5221.898009804496,38.4166217120369
5222.897990273627,73.67080694963649
5223.897970742759,68.83917321562139
5224.89795121189,36.416593219318784
5225.897931681022,29.736311942262553
5226.897912150153,3.7279346834957927
5227.897892619285,26.777101969717002
5228.897873088416,52.71440071060107
5229.897853557548,21.86310316718047
5230.897834026679,22.50128092719551
5231.897814495811,21.162853304363438
5232.8977949649425,91.0176607686581
5233.897775434074,12.10751059096775
5234.8977559032055,98.75228185444163
5235.897736372337,79.84789984656314
5236.8977168414685,24.694420705643015
5237.8976973106,32.03515955047548
5238.897677779732,53.52098678510078
5239.897658248862,59.178112721091765
5240.897638717994,24.215832506394158
5241.897619187125,37.72149678715427
5242.897599656257,25.147155013264623
5243.897580125388,30.067360548430624
5244.89756059452,68.65174211166816
5245.897541063651,36.368764662596384
5246.897521532783,74.51077563039088
5247.897502001914,54.49965813686047
5248.897482471046,70.45129791640193
5249.897462940177,40.41768555387625
5250.897443409309,14.055761935646185
5251.89742387844,14.545302742853762
5252.897404347572,44.06673562477306
5253.897384816703,77.39607397479885
5254.897365285835,110.31904233783581
5255.897345754966,2.9973294943118742
5256.897326224097,68.23204164225733
5257.8973066932285,32.514320710789605
5258.89728716236,35.72167600698644
5259.897267631492,31.027345149284578
5260.897248100623,70.83181296085864
5261.897228569755,111.00775405217288
5262.897209038886,53.17315421409366
5263.897189508018,14.379427368082155
5264.897169977149,42.25847471814908
5265.897150446281,75.54912783731152
5266.897130915412,58.92274055113688
5267.897111384544,67.54294909470448
5268.897091853675,55.7691641905975
5269.897072322807,34.44816681407937
5270.897052791938,113.27986191108361
5271.89703326107,40.58942759710876
5272.897013730201,24.62355017490301
5273.896994199332,42.036713894309436
5274.896974668463,35.42345736106847
5275.896955137595,19.276258857313994
5276.896935606726,21.7625724182679
5277.896916075858,30.284915439481555
5278.896896544989,31.919895679549835
5279.896877014121,39.57986317096354
5280.8968574832525,50.7006963969051
5281.896837952384,61.06200214410183
5282.8968184215155,26.14100045036809
5283.896798890647,29.42797518926828
5284.8967793597785,89.2709279242145
5285.89675982891,46.4779470736406
5286.896740298042,18.44079906862911
5287.896720767173,56.62795496768644
5288.896701236305,57.8775794836703
5289.896681705436,78.35074382544337
5290.896662174568,24.142209163991343
5291.896642643698,16.998017075661892
5292.89662311283,21.592002712803087
5293.896603581961,44.627475346058866
5294.896584051093,24.10136067440128
5295.896564520224,28.37620827175731
5296.896544989356,11.742463341064093
5297.896525458487,56.73919856682308
5298.896505927619,66.28029397333803
5299.89648639675,45.27014619764318
5300.896466865882,44.14102094214627
5301.896447335013,40.10252987404996
5302.896427804145,45.61788576456477
5303.896408273276,67.87721627792808
5304.896388742408,51.14743622657677
5305.896369211539,63.82344935964001
5306.896349680671,77.00175386648856
5307.896330149802,5.536196791169579
5308.896310618933,15.028854140821458
5309.896291088065,25.680261578323584
5310.896271557196,71.69275547163132
5311.896252026328,29.569416903176272
5312.896232495459,34.54260276741445
5313.896212964591,47.40257990700013
5314.896193433722,51.42117539986301
5315.896173902854,22.06492433419755
5316.896154371985,16.547437007582968
5317.896134841117,18.174710455577998
5318.896115310248,19.845355267747227
5319.89609577938,91.991135901345
5320.896076248511,10.935566446840241
5321.896056717643,23.834177154666182
5322.896037186774,67.29977153420617
5323.896017655906,36.32899929064935
5324.895998125037,69.75589264825993
5325.895978594168,19.563988921105743
5326.895959063299,40.120015680549905
5327.895939532431,84.28248363500035
5328.895920001562,13.801211625253776
5329.895900470694,45.71391129002989
5330.8958809398255,48.29139238096284
5331.895861408957,62.040915830081644
5332.8958418780885,33.90538657235145
5333.89582234722,37.34978883790708
5334.8958028163515,87.21951988128608
5335.895783285483,44.574975911678024
5336.895763754615,91.40307360184659
5337.895744223746,76.84076154249412
5338.895724692878,33.45456310692143
5339.895705162009,70.14158046367773
5340.895685631141,39.429959123979735
5341.895666100272,29.28497572908958
5342.895646569403,24.166338740914032
5343.895627038534,43.363550403378426
5344.895607507666,94.03829689629649
5345.895587976797,27.369392610482794
5346.895568445929,6.829456685881726
5347.89554891506,18.84883499494365
5348.895529384192,23.212878082865775
5349.895509853323,24.936323257749564
5350.895490322455,28.152162801877694
5351.895470791586,50.45161566242143
5352.895451260718,17.543891403784556
5353.895431729849,31.134843419622136
5354.895412198981,21.341006068853588
5355.895392668112,25.078363626000797
5356.895373137244,44.15904055549971
5357.8953536063755,62.67310151240649
5358.895334075507,115.78783485106844
5359.8953145446385,68.43242098931381
5360.895295013769,27.237421568951927
5361.895275482901,45.91456212892394
5362.895255952032,79.03983916895693
5363.895236421164,29.864279036461213
5364.895216890295,7.21735347352564
5365.895197359427,6.342662761096417
5366.895177828558,16.325598724644745
5367.89515829769,51.30502985922333
5368.895138766821,40.840365828590684
5369.895119235953,38.21590642939885
5370.895099705084,13.90126025817581
5371.895080174216,33.79965142720232
5372.895060643347,34.02827408572295
5373.895041112479,54.20917847099042
5374.89502158161,18.547790149219143
5375.895002050742,41.32981923892816
5376.894982519873,44.299365139695134
5377.894962989004,46.956341920357445
5378.8949434581355,38.49328705640008
5379.894923927267,124.20531062070728
5380.8949043963985,28.211848763938264
5381.89488486553,47.730376652680434
5382.8948653346615,53.63152926480452
5383.894845803793,30.76683008856814
5384.894826272925,59.697860692765495
5385.894806742056,36.100559759209304
5386.894787211188,48.44223343510859
5387.894767680319,32.94192680355419
5388.894748149451,49.00487504693788
5389.894728618582,50.65692045783651
5390.894709087714,25.497527949842343
5391.894689556845,58.37820906284179
5392.894670025977,40.80291255263565
5393.894650495108,26.29603738630615
5394.894630964239,108.94729537745819
5395.89461143337,39.46342250662251
5396.894591902502,101.40230770961419
5397.894572371633,44.046096341164734
5398.894552840765,107.00177902000235
5399.894533309896,39.978803912563365
5400.894513779028,44.294809797852004
5401.894494248159,130.12396418760736
5402.894474717291,65.26431125073294
5403.894455186422,60.539950920532014
5404.894435655554,6.444581759178047
5405.894416124685,46.79107588042597
5406.894396593817,15.323335273932145
5407.8943770629485,32.690688562810195
5408.89435753208,9.30699294493169
5409.8943380012115,51.13598058926743
5410.894318470343,96.76664260019064
5411.8942989394745,50.35453268755682
5412.894279408605,10.09389942498075
5413.894259877737,2.8813000985892603
5414.894240346868,34.306058618619566
5415.894220816,30.80467142733814
5416.894201285131,17.13496056130808
5417.894181754263,20.48539123536001
5418.894162223394,65.1797686730632
5419.894142692526,48.09141513420594
5420.894123161657,37.13019935334747
5421.894103630789,14.91928336180479
5422.89408409992,66.17588541212027
5423.894064569052,54.111445675927605
5424.894045038183,14.145488131815842
5425.894025507315,35.5393944519116
5426.894005976446,44.82191641065262
5427.893986445578,30.78213867279431
5428.893966914709,20.029568162539473
5429.89394738384,46.8629799803153
5430.8939278529715,16.66918007199257
5431.893908322103,47.56308768891256
5432.8938887912345,55.40656979262049
5433.893869260366,80.65696393491997
5434.893849729498,53.90402897416685
5435.893830198629,35.69354473769284
5436.893810667761,80.59486462119303
5437.893791136892,21.683951108483768
5438.893771606024,25.630222380213894
5439.893752075155,74.52789547847479
5440.893732544287,34.63995948626297
5441.893713013418,56.73879312420148
5442.89369348255,50.394100801212765
5443.893673951681,27.55040991821079
5444.893654420813,41.463862349882746
5445.893634889944,50.73418023020408
5446.893615359075,33.78346178779779
5447.893595828206,20.170577382729572
5448.893576297338,17.495630843786067
5449.893556766469,31.202041846704006
5450.893537235601,10.904234573681352
5451.893517704732,53.639417377448865
5452.893498173864,33.754173758110305
5453.893478642995,30.026167773160335
5454.893459112127,73.764757091847
5455.8934395812585,93.71250482112929
5456.89342005039,29.550738440876078
5457.8934005195215,85.25168864206155
5458.893380988653,22.959299161406964
5459.8933614577845,97.71385413191271
5460.893341926916,119.68055295836913
5461.893322396048,29.916244249712978
5462.893302865179,17.317979814456674
5463.893283334311,65.69033114332791
5464.893263803441,14.339783253410365
5465.893244272573,19.741188436890358
5466.893224741704,20.334943908954074
5467.893205210836,20.505404804709585
5468.893185679967,88.6329886191225
5469.893166149099,90.99319187618354
5470.89314661823,21.143697087756962
5471.893127087362,49.513090811584405
5472.893107556493,33.10794957693288
5473.893088025625,30.62776353542795
5474.893068494756,53.49839576269935
5475.893048963888,82.40225735658233
5476.893029433019,41.724114216797915
5477.893009902151,13.557180369779521
5478.892990371282,59.436755962015134
5479.892970840414,29.48480210243678
5480.892951309545,24.281060264413146
5481.892931778676,61.169458891344355
5482.8929122478075,31.946380133363796
5483.892892716939,36.2751457675364
5484.892873186071,53.88188127316049
5485.892853655202,51.985524963652445
5486.892834124334,35.06590708738101
5487.892814593465,51.06339796745664
5488.892795062597,33.726789035808025
5489.892775531728,55.69146429238056
5490.89275600086,81.50448261884921
5491.892736469991,36.77684217063532
5492.892716939123,62.96100488037782
5493.892697408254,33.54216828384917
5494.892677877386,28.0113168861234
5495.892658346517,28.66711501312107
5496.892638815649,80.77974531804131
5497.89261928478,27.53941112990226
5498.892599753911,89.13047931764422
5499.892580223042,98.6875180294387
5500.892560692174,136.9263840450415
5501.892541161305,11.910663774950745
5502.892521630437,65.34486884429988
5503.892502099568,19.822215855648007
5504.8924825687,28.17958979388206
5505.8924630378315,12.636183748298247
5506.892443506963,38.50455408368769
5507.8924239760945,33.91543454405621
5508.892404445226,68.22117631358603
5509.8923849143575,14.082365377508138
5510.892365383489,21.101713393658443
5511.892345852621,16.096486237536414
5512.892326321752,55.490453517802386
5513.892306790884,26.461768374663787
5514.892287260015,91.02270071329428
5515.892267729147,50.95541815618353
5516.892248198277,55.832105451826905
5517.892228667409,22.170070966996104
5518.89220913654,72.14405376644059
5519.892189605672,73.18646805763733
5520.892170074803,38.77285861771694
5521.892150543935,20.93196078065325
5522.892131013066,114.25384113803173
5523.892111482198,22.919979217388853
5524.892091951329,39.56530207212802
5525.892072420461,47.5093248526721
5526.892052889592,38.811475205114135
5527.892033358724,71.09577863349242
5528.892013827855,8.197089454388646
5529.891994296987,21.177878334141855
5530.891974766118,48.97852870894472
5531.89195523525,27.54764108215325
5532.8919357043815,89.75971425083877
5533.891916173512,92.34517806789636
5534.891896642644,33.126051026880404
5535.891877111775,54.14374966426715
5536.891857580907,71.51542822928758
5537.891838050038,54.02267998775703
5538.89181851917,40.00396352099969
5539.891798988301,37.054704322290554
5540.891779457433,67.12118668260405
5541.891759926564,40.445925758263954
5542.891740395696,15.933501106660504
5543.891720864827,6.88997877580185
5544.891701333959,26.519302593797086
5545.89168180309,13.738689777056889
5546.891662272222,86.49474439003578
5547.891642741353,2.5796492021777495
5548.891623210485,130.431233249837
5549.891603679616,23.416115476232022
5550.891584148747,88.7323224301407
5551.891564617878,71.63724057551109
5552.89154508701,94.73561016654801
5553.8915255561415,72.16211326656725
5554.891506025273,46.57486902248092
5555.8914864944045,128.02828685911655
5556.891466963536,44.914506560196415
5557.8914474326675,78.19227089075714
5558.891427901799,51.98278842662343
5559.891408370931,5.00044637857466
5560.891388840062,45.39873852952188
5561.891369309194,22.326724074656976
5562.891349778325,9.768570966637533
5563.891330247457,68.20421996265767
5564.891310716588,31.02127174132755
5565.89129118572,20.998336294134752
5566.891271654851,73.00529182133556
5567.891252123983,47.20721446982028
5568.891232593113,62.104041702689806
5569.891213062245,7.791139377351423
5570.891193531376,33.11454902786292
5571.891174000508,53.90822743234404
5572.891154469639,42.910293504042635
5573.891134938771,7.3309562747993455
5574.891115407902,31.2760819335407
5575.891095877034,42.144747261943984
5576.891076346165,15.184683995280452
5577.891056815297,32.47336511597987
5578.891037284428,27.17836326177504
5579.89101775356,12.549280176844986
5580.890998222691,22.84539040239419
5581.890978691823,46.27293503644493
5582.8909591609545,102.11211436621419
5583.890939630086,41.370370293479596
5584.8909200992175,60.50289117122425
5585.890900568348,27.202032090736502
5586.89088103748,23.496498138996085
5587.890861506611,88.89002661949037
5588.890841975743,78.39712870785608
5589.890822444874,48.486891673023266
5590.890802914006,50.160941314280336
5591.890783383137,28.638673367938768
5592.890763852269,41.97108221191742
5593.8907443214,10.043963905511834
5594.890724790532,41.54277914254458
5595.890705259663,38.109919429213384
5596.890685728795,33.97167239585654
5597.890666197926,36.53892900359734
5598.890646667058,125.26304360738868
5599.890627136189,134.1286740714187
5600.890607605321,97.52393651391307
5601.890588074452,27.167499367677987
5602.890568543583,83.22528230416472
5603.8905490127145,70.61323146970874
5604.890529481846,74.88168913123457
5605.8905099509775,44.4640092841504
5606.890490420109,41.98974516896203
5607.8904708892405,52.237273536860414
5608.890451358372,17.744777428942843
5609.890431827504,75.47494871067883
5610.890412296635,39.653184345251866
5611.890392765767,92.78206193938203
5612.890373234898,86.04217795411049
5613.89035370403,126.1578106875611
5614.890334173161,15.810179691214048
5615.890314642293,83.16027698878518
5616.890295111424,83.94519969290357
5617.890275580556,16.48654169335156
5618.890256049687,58.45090343693748
5619.890236518819,45.97810449237222
5620.890216987949,25.11547408934569
5621.890197457081,32.98218372749655
5622.890177926212,93.94872363738996
5623.890158395344,74.54631535558174
5624.890138864475,38.92714200763546
5625.890119333607,29.463427584718197
5626.890099802738,39.58493994712656
5627.89008027187,40.32054308790641
5628.890060741001,61.40223599573907
5629.890041210133,17.782211283964806
5630.8900216792645,52.211985846003635
5631.890002148396,77.34470374396696
5632.8899826175275,31.4035125633856
5633.889963086659,30.34924319938059
5634.8899435557905,35.612930204426604
5635.889924024922,33.48623481678588
5636.889904494054,69.54004805754252
5637.889884963184,51.47385274201395
5638.889865432316,18.92524192148733
5639.889845901447,38.3273454931901
5640.889826370579,4.1690089879774925
5641.88980683971,44.2397187699141
5642.889787308842,47.257990890745795
5643.889767777973,51.48514606433378
5644.889748247105,30.380867443175603
5645.889728716236,38.0061476187851
5646.889709185368,23.035897170667543
5647.889689654499,15.438460049023726
5648.889670123631,36.651622342839566
5649.889650592762,43.276760190601365
5650.889631061894,8.198123439089118
5651.889611531025,63.28158227475718
5652.889592000157,36.08189943603151
5653.889572469288,33.548081312598406
5654.889552938419,61.24880264898043
5655.8895334075505,47.926319732298566
5656.889513876682,12.489571932596307
5657.889494345814,69.55971172307538
5658.889474814945,16.914068744141183
5659.889455284077,3.3046609742986477
5660.889435753208,27.715456076509682
5661.88941622234,37.52251822015696
5662.889396691471,60.26817936479953
5663.889377160603,100.19338813535921
5664.889357629734,56.75379451668785
5665.889338098866,57.83769315542898
5666.889318567997,48.977626105312815
5667.889299037129,37.836542111167475
5668.88927950626,98.32928825280668
5669.889259975392,57.70550161119227
5670.889240444523,88.03656213993452
5671.889220913655,35.46317098722962
5672.889201382785,36.34724588574099
5673.889181851917,5.230481893145136
5674.889162321048,103.87335818589568
5675.88914279018,70.12286506702165
5676.889123259311,123.97719875695618
5677.889103728443,40.72616186349571
5678.889084197574,45.690591653692564
5679.889064666706,32.905457691983486
5680.8890451358375,116.22220832916855
5681.889025604969,50.275668269646694
5682.8890060741005,64.99177815409907
5683.888986543232,36.78200315349944
5684.8889670123635,27.728870894495948
5685.888947481495,76.52988155350337
5686.888927950627,67.8437276764201
5687.888908419758,18.438279434104942
5688.88888888889,83.17013010140383
5689.88886935802,1.0878376463391726
5690.888849827152,94.48603725621984
5691.888830296283,45.605914882651156
5692.888810765415,58.16196596783118
5693.888791234546,87.35164062096705
5694.888771703678,61.592948459606035
5695.888752172809,55.780508267874986
5696.888732641941,28.23702575993336
5697.888713111072,71.15852097259864
5698.888693580204,102.97525095169652
5699.888674049335,52.62275671177595
5700.888654518467,63.67203547748242
5701.888634987598,45.80001215574937
5702.88861545673,66.18410857889567
5703.888595925861,54.776619381811166
5704.888576394993,64.96691052090578
5705.888556864124,32.7686113933583
5706.888537333255,40.23027843262823
5707.888517802387,109.73449885479735
5708.888498271518,31.47847579065652
5709.88847874065,16.540710813008786
5710.888459209781,48.556576865263
5711.888439678913,44.45956066187792
5712.888420148044,11.79378667642683
5713.888400617176,28.661650579775525
5714.888381086307,47.390218701451126
5715.888361555439,18.80082509725295
5716.88834202457,66.14114754791164
5717.888322493702,34.6259025324045
5718.888302962833,16.77009078801119
5719.888283431965,21.00695985664416
5720.888263901096,18.22457027826669
5721.888244370228,43.395030344924926
5722.888224839359,11.505152471863862
5723.888205308491,41.668877803524836
5724.888185777621,33.18485380439917
5725.888166246753,14.716558596578034
5726.888146715884,52.707620885888225
5727.888127185016,36.98594597554571
5728.8881076541475,81.32586349004252
5729.888088123279,37.32524378369312
5730.8880685924105,20.676114766798506
5731.888049061542,33.554990177233506
5732.8880295306735,18.156586143870307
5733.888009999805,74.30348781257659
5734.887990468937,3.8530544473613038
5735.887970938068,130.49660704603477
5736.8879514072,50.55144296935562
5737.887931876331,96.8003542237828
5738.887912345463,43.66747325627134
5739.887892814594,53.301089024799346
5740.887873283726,100.70578311465994
5741.887853752856,19.293969407765513
5742.887834221988,111.47592576930006
5743.887814691119,53.335535047916835
5744.887795160251,132.93865474771877
5745.887775629382,39.81670082047867
5746.887756098514,28.32615479542528
5747.887736567645,27.47298600482315
5748.887717036777,64.44123483514635
5749.887697505908,55.89610935561431
5750.88767797504,22.403778661558
5751.887658444171,76.87809753242414
5752.887638913303,20.760585340875746
5753.887619382434,5.772405580429165
5754.887599851566,110.7550097197911
5755.887580320697,51.967737914955
5756.887560789829,43.99342399634044
5757.8875412589605,63.40921352404032
5758.887521728091,38.180211417129534
5759.887502197223,35.13107853714402
5760.887482666354,44.68758528700006
5761.887463135486,12.399014331656398
5762.887443604617,21.050034226312174
5763.887424073749,29.429991214971302
5764.88740454288,27.804396411483186
5765.887385012012,18.448043674230554
5766.887365481143,38.257628464402984
5767.887345950275,39.58556306321573
5768.887326419406,16.061277414333375
5769.887306888538,37.8847622375419
5770.887287357669,27.887248522342254
5771.887267826801,52.23901176552276
5772.887248295932,35.8912095141923
5773.887228765064,49.060946077313076
5774.887209234195,14.261633114501905
5775.887189703326,45.966370007567576
5776.887170172457,44.16885096150888
5777.887150641589,72.56253834698963
5778.8871311107205,105.04449109542954
5779.887111579852,61.04125725191315
5780.8870920489835,81.070804781429
5781.887072518115,39.83716806460034
5782.8870529872465,29.288536273053115
5783.887033456378,24.521999246627296
5784.88701392551,39.19689682483207
5785.886994394641,50.50917188654152
5786.886974863773,22.415689224352718
5787.886955332904,6.374547997114391
5788.886935802036,15.53316533950169
5789.886916271167,41.76709125922895
5790.886896740299,32.642773907443654
5791.88687720943,15.890232203947349
5792.886857678562,10.525803937384907
5793.886838147692,38.76665628257563
5794.886818616824,46.8482979594322
5795.886799085955,33.226323612971306
5796.886779555087,45.11012130568625
5797.886760024218,18.45271641826379
5798.88674049335,27.177626614911578
5799.886720962481,63.142412970917555
5800.886701431613,37.86531607798135
5801.886681900744,23.712919621646265
5802.886662369876,84.12108687465337
5803.886642839007,21.04594361934006
5804.886623308139,30.960366224477305
5805.8866037772705,23.52858062555342
5806.886584246402,37.42361631565688
5807.8865647155335,14.178188425161462
5808.886545184665,54.94168157755374
5809.8865256537965,63.55670728024309
5810.886506122927,51.02474962979838
5811.886486592059,14.556352963030116
5812.88646706119,20.431139936435375
5813.886447530322,8.366938490328435
5814.886427999453,16.730571809232266
5815.886408468585,35.34659718280398
5816.886388937716,26.557817038132754
5817.886369406848,37.680249003393556
5818.886349875979,35.303608793334405
5819.886330345111,48.01953466978259
5820.886310814242,66.09423047009028
5821.886291283374,43.38522000864923
5822.886271752505,53.78412978378225
5823.886252221637,67.84303250726948
5824.886232690768,51.716890240269215
5825.8862131599,74.17904368262575
5826.886193629031,7.703999754829811
5827.886174098162,27.51696884025994
5828.8861545672935,51.924602168626656
5829.886135036425,28.690663720374314
5830.8861155055565,7.056425100783157
5831.886095974688,81.05038593229783
5832.88607644382,70.32394253800392
5833.886056912951,48.802205136634825
5834.886037382083,60.02501719925818
5835.886017851214,47.1964898985565
5836.885998320346,48.747212190672286
5837.885978789477,33.04510185153679
5838.885959258609,57.00524591168555
5839.88593972774,70.00706403987319
5840.885920196872,120.52661259475332
5841.885900666003,63.123808515348045
5842.885881135135,6.03644226286546
5843.885861604266,46.79882575957458
5844.885842073398,58.10471087146971
5845.885822542528,22.202579922693438
5846.88580301166,25.85630783635351
5847.885783480791,73.73231116079464
5848.885763949923,21.00605660307812
5849.885744419054,25.434795575900388
5850.885724888186,73.15394202749005
5851.885705357317,90.66800932065559
5852.885685826449,104.95780158904557
5853.88566629558,102.1596487496164
5854.885646764712,48.97511098316608
5855.8856272338435,64.46681397709796
5856.885607702975,38.15242234442779
5857.8855881721065,35.268195797150554
5858.885568641238,81.85936069365005
5859.8855491103695,102.26429829972868
5860.885529579501,55.72618341207086
5861.885510048633,57.405704174915044
5862.885490517763,113.45321470396037
5863.885470986895,88.20586774856342
5864.885451456026,121.7172678371466
5865.885431925158,79.9007579737991
5866.885412394289,126.96506650329026
5867.885392863421,54.45037426607795
5868.885373332552,79.23191390879256
5869.885353801684,22.56761045933052
5870.885334270815,48.37852524061316
5871.885314739947,102.7134313426081
5872.885295209078,83.46276458776508
5873.88527567821,118.75396637002996
5874.885256147341,86.41700794150205
5875.885236616473,55.53465277730383
5876.885217085604,24.69948021571055
5877.885197554736,17.87618395575181
5878.885178023867,28.414199145817083
5879.885158492998,39.06069836695426
5880.8851389621295,46.54654156074046
5881.885119431261,6.920439403999872
5882.885099900393,6.366198817300081
5883.885080369524,82.87003784108884
5884.885060838656,17.636479397877892
5885.885041307787,61.9739195206553
5886.885021776919,39.3669109104023
5887.88500224605,104.86931272442592
5888.884982715182,57.049675034803585
5889.884963184313,18.19630998551575
5890.884943653445,117.25775519193634
5891.884924122576,57.78994080064953
5892.884904591708,79.84532204379768
5893.884885060839,48.957278487830266
5894.884865529971,46.07002596624405
5895.884845999102,30.827753058665802
5896.884826468234,32.448942327792444
5897.884806937364,2.0736488730098515
5898.884787406496,43.063133066872375
5899.884767875627,60.55858823358069
5900.884748344759,24.046403870265536
5901.88472881389,34.40208917426443
5902.884709283022,5.562930301738203
5903.8846897521535,30.953553869982244
5904.884670221285,42.9744564723431
5905.8846506904165,1.7781829527038266
5906.884631159548,24.367492868591533
5907.8846116286795,25.803776400719972
5908.884592097811,42.143683188967394
5909.884572566943,21.207125429323508
5910.884553036074,32.65608561883244
5911.884533505206,101.5710589413288
5912.884513974337,34.167383163758345
5913.884494443469,15.22727398999896
5914.884474912599,17.040585883008635
5915.884455381731,68.53626416538695
5916.884435850862,32.62655851825588
5917.884416319994,19.538061535353783
5918.884396789125,19.567580684991352
5919.884377258257,45.20870615449424
5920.884357727388,33.7572278166579
5921.88433819652,36.05512902045132
5922.884318665651,43.38059740731984
5923.884299134783,36.7198481709605
5924.884279603914,14.326770447745519
5925.884260073046,9.74252698120874
5926.884240542177,14.626625913291635
5927.884221011309,8.255714224847226
5928.88420148044,29.919361405830646
5929.884181949572,66.35566889230577
5930.884162418703,46.9564002255367
5931.884142887834,19.45410983210618
5932.884123356966,46.200085649576636
5933.884103826097,10.519979098671255
5934.884084295229,30.438030968581703
5935.88406476436,23.22207043725046
5936.884045233492,47.978226209727566
5937.884025702623,52.625906593606025
5938.884006171755,49.57755946696149
5939.883986640886,19.53508002941738
5940.883967110018,21.47018171197151
5941.883947579149,39.88151035368629
5942.883928048281,16.012990503759614
5943.883908517412,22.7651824411937
5944.883888986544,37.79436170612026
5945.883869455675,22.38169258776158
5946.883849924807,12.174566271639263
5947.883830393938,28.37684540090891
5948.88381086307,40.96896941477699
5949.8837913322,14.605673033691598
5950.883771801332,33.235261280616506
5951.883752270463,6.76585060588965
5952.883732739595,54.00210434155973
5953.8837132087265,28.206051486651006
5954.883693677858,40.475712000315575
5955.8836741469895,43.212655913913174
5956.883654616121,55.497171380397454
5957.8836350852525,35.17082624085453
5958.883615554384,64.56062919211162
5959.883596023516,7.0644100874016
5960.883576492647,72.82364441550111
5961.883556961779,14.33069644353172
5962.88353743091,71.30905899327689
5963.883517900042,72.54068286975664
5964.883498369173,41.23226600793877
5965.883478838305,61.42329721560781
5966.883459307435,77.07207565483677
5967.883439776567,66.6225594709758
5968.883420245698,52.149695891656684
5969.88340071483,101.23351974441317
5970.883381183961,98.36926104185717
5971.883361653093,56.35205033396076
5972.883342122224,73.53993828830623
5973.883322591356,39.88139331215302
5974.883303060487,103.20561561101964
5975.883283529619,55.885415852378976
5976.88326399875,91.50137114138421
5977.883244467882,127.65230950546582
5978.883224937013,40.79436112233525
5979.883205406145,44.40989812223833
5980.8831858752765,108.37810905469847
5981.883166344408,32.82259320145042
5982.8831468135395,56.62268102206115
5983.88312728267,143.44661227210722
5984.883107751802,33.32429602913946
5985.883088220933,89.76511844296928
5986.883068690065,58.0674581155012
5987.883049159196,182.49128092053536
5988.883029628328,20.285081081245945
5989.883010097459,50.52255494620713
5990.882990566591,45.55224238716221
5991.882971035722,12.486964215126571
5992.882951504854,48.91777823305964
5993.882931973985,28.050574198155807
5994.882912443117,42.16854710183753
5995.882892912248,65.49739176121578
5996.88287338138,85.96422102411434
5997.882853850511,87.0976546365528
5998.882834319643,109.83115937283249
5999.882814788774,118.84833029319988
6000.882795257906,35.871559567070264
6001.8827757270365,136.8107770331964
6002.882756196168,19.643357031048485
6003.8827366652995,75.64627209924468
6004.882717134431,49.77578142914556
6005.8826976035625,100.33746524621144
6006.882678072694,60.02828873575907
6007.882658541826,78.35343222550713
6008.882639010957,42.86966954627734
6009.882619480089,36.0163438967152
6010.88259994922,39.977011745573805
6011.882580418352,60.47858780521231
6012.882560887483,69.71877782540422
6013.882541356615,19.235518054985743
6014.882521825746,15.534480428397654
6015.882502294878,39.64902704745409
6016.882482764009,44.57524602348153
6017.882463233141,18.833711092601476
6018.882443702271,26.094173079294745
6019.882424171403,16.24136221277053
6020.882404640534,22.38918573387431
6021.882385109666,40.18472186671769
6022.882365578797,30.456594731006916
6023.882346047929,33.099567843112496
6024.88232651706,38.67512182006483
6025.882306986192,27.846403714926222
6026.882287455323,53.096518423670105
6027.882267924455,66.50372438877775
6028.882248393586,27.72820278837851
6029.882228862718,31.264615848844542
6030.8822093318495,10.326743348513025
6031.882189800981,34.91999856992162
6032.8821702701125,38.560132539443636
6033.882150739244,42.159859851810104
6034.8821312083755,35.3114543420939
6035.882111677506,11.983635375477864
6036.882092146638,35.81007782434988
6037.882072615769,52.03003296723633
6038.882053084901,19.783936851129074
6039.882033554032,34.22855356009891
6040.882014023164,27.031227360123957
6041.881994492295,45.902730898381826
6042.881974961427,23.833782850380278
6043.881955430558,49.50754288675839
6044.88193589969,24.757746032788003
6045.881916368821,85.71660996305506
6046.881896837953,71.09997730566344
6047.881877307084,42.7097361843395
6048.881857776216,8.184928959985358
6049.881838245347,16.86229994465177
6050.881818714479,13.643368626988417
6051.88179918361,75.99462924116209
6052.881779652742,50.48515025632141
6053.8817601218725,39.088346486066214
6054.881740591004,96.24085614463958
6055.8817210601355,15.595300014961836
6056.881701529267,19.836212073381077
6057.881681998399,29.95806238466079
6058.88166246753,13.857637461171162
6059.881642936662,39.81865261610136
6060.881623405793,77.13481535826904
6061.881603874925,50.82195761287314
6062.881584344056,80.32987063237603
6063.881564813188,39.78793102070686
6064.881545282319,53.92551780031231
6065.881525751451,76.93760983708873
6066.881506220582,21.179515892979552
6067.881486689714,35.52651313044042
6068.881467158845,29.34200099535654
6069.881447627977,52.36282011334734
6070.881428097107,28.297576760434836
6071.881408566239,16.106010635156938
6072.88138903537,37.26989298490077
6073.881369504502,6.0556891422033665
6074.881349973633,62.38572541462331
6075.881330442765,90.54439800352131
6076.881310911896,25.686875106607967
6077.881291381028,73.66441551573432
6078.8812718501595,36.84099924526892
6079.881252319291,30.770416531002255
6080.8812327884225,78.38434186743055
6081.881213257554,51.198258547164585
6082.8811937266855,50.329974928870996
6083.881174195817,54.390509299422
6084.881154664949,106.62414981931032
6085.88113513408,109.85859629593836
6086.881115603212,28.387754032631314
6087.881096072342,52.162573726264455
6088.881076541474,46.88843920202462
6089.881057010605,112.46950971247773
6090.881037479737,54.15457848361821
6091.881017948868,68.24808274490132
6092.880998418,33.30998268029563
6093.880978887131,23.80449595994111
6094.880959356263,20.138003188208234
6095.880939825394,25.781512454616557
6096.880920294526,18.65556200614942
6097.880900763657,55.17845095603034
6098.880881232789,33.64964187514929
6099.88086170192,33.90974251255902
6100.880842171052,53.43900390682143
6101.880822640183,34.759210466330806
6102.880803109315,25.949725884603637
6103.880783578446,12.441866759473644
6104.880764047578,90.08748028731571
6105.880744516709,77.43845712102207
6106.88072498584,54.82317405158947
6107.880705454972,43.88845559096424
6108.880685924103,31.560327670695045
6109.880666393235,22.719683311870106
6110.880646862366,19.258017823786314
6111.880627331498,23.259479169238535
6112.880607800629,57.02834021207836
6113.880588269761,81.12104530007772
6114.880568738892,69.26257554014819
6115.880549208024,12.826804438719986
6116.880529677155,43.45738317094253
6117.880510146287,69.07318183104766
6118.880490615418,47.22130679266911
6119.88047108455,54.80216820445384
6120.880451553681,30.31513517471882
6121.880432022813,15.73553192520517
6122.880412491943,18.075872986569152
6123.880392961075,25.976724721111488
6124.880373430206,30.098954271732598
6125.880353899338,24.853167972369903
6126.880334368469,17.435235897573317
6127.880314837601,46.54120980180768
6128.8802953067325,48.12098506193485
6129.880275775864,46.24760539622
6130.8802562449955,23.43381713652054
6131.880236714127,30.436944476285316
6132.8802171832585,38.6089722428355
6133.88019765239,30.57749256140245
6134.880178121522,69.89154331859197
6135.880158590653,92.42777163807278
6136.880139059785,48.97450828845423
6137.880119528916,38.89704885004124
6138.880099998048,44.212072512550684
6139.880080467178,6.058959200159693
6140.88006093631,11.249330032123531
6141.880041405441,18.642646894899872
6142.880021874573,32.4131663113398
6143.880002343704,50.38114636996908
6144.879982812836,17.364894534498763
6145.879963281967,46.372675987884776
6146.879943751099,24.9215217810579
6147.87992422023,13.513985996314563
6148.879904689362,39.413333004467404
6149.879885158493,41.60194846051009
6150.879865627625,36.53908864628578
6151.879846096756,74.1635724540625
6152.879826565888,133.05883584698313
6153.879807035019,47.399777809324746
6154.879787504151,68.49419971183461
6155.8797679732825,78.81323954635137
6156.879748442413,143.6100306145587
6157.879728911545,126.60006021670826
6158.879709380676,141.07156353312226
6159.879689849808,144.31389698489116
6160.879670318939,135.42492046212413
6161.879650788071,50.04966341890431
6162.879631257202,44.95002345114242
6163.879611726334,133.02446068303584
6164.879592195465,54.198758983741165
6165.879572664597,44.55470624947417
6166.879553133728,14.922064273658439
6167.87953360286,50.16106583919851
6168.879514071991,54.335962168672424
6169.879494541123,74.1027823498561
6170.879475010254,58.49779156034063
6171.879455479386,33.167001673489175
6172.879435948517,57.15764979254522
6173.879416417649,93.13726933663688
6174.879396886779,101.75023144258824
6175.879377355911,36.20351799316835
6176.8793578250425,69.63751082765901
6177.879338294174,5.670377920745552
6178.8793187633055,20.825270416060235
6179.879299232437,21.94459853981542
6180.8792797015685,49.11054006600881
6181.8792601707,24.23547385988913
6182.879240639832,81.99540009210247
6183.879221108963,28.2555723760128
6184.879201578095,65.11202864645301
6185.879182047226,34.21039125792984
6186.879162516358,21.929999226203766
6187.879142985489,71.89624987711554
6188.879123454621,58.25741633800209
6189.879103923752,63.19407578598194
6190.879084392884,68.13863418860028
6191.879064862014,31.110920909543896
6192.879045331146,36.00084514988843
6193.879025800277,44.671929111608215
6194.879006269409,84.25877125041468
6195.87898673854,35.247714752205766
6196.878967207672,59.120616428108924
6197.878947676803,7.175557645455628
6198.878928145935,15.090196203258524
6199.878908615066,3.2434895990174613
6200.878889084198,43.24196923439311
6201.878869553329,102.83096115963805
6202.878850022461,85.56210426160013
6203.878830491592,20.18117723826278
6204.878810960724,26.776597928958708
6205.8787914298555,39.50009239014031
6206.878771898987,32.72564088474247
6207.8787523681185,20.685511242210296
6208.878732837249,44.28755785097827
6209.878713306381,8.85600929761506
6210.878693775512,17.169829550794187
6211.878674244644,35.50835672508517
6212.878654713775,27.59497900931509
6213.878635182907,49.364470925057724
6214.878615652038,49.74659528990721
6215.87859612117,26.976716929942242
6216.878576590301,17.910979378646708
6217.878557059433,65.48756803168929
6218.878537528564,12.804685100352076
6219.878517997696,45.96293066446833
6220.878498466827,34.71335183136948
6221.878478935959,2.2704048614832515
6222.87845940509,80.01205302500902
6223.878439874222,98.49494562746817
6224.878420343353,14.93149303331001
6225.878400812485,50.78896081584562
6226.8783812816155,38.43845780882784
6227.878361750747,31.979449929069403
6228.8783422198785,58.90432119689669
6229.87832268901,22.065692351860935
6230.8783031581415,39.208965269360306
6231.878283627273,26.51855721731615
6232.878264096405,94.22963307964831
6233.878244565536,72.0511586805997
6234.878225034668,85.26678240762502
6235.878205503799,58.326009070815154
6236.878185972931,55.44435655473676
6237.878166442062,50.6159893154997
6238.878146911194,73.67868247501991
6239.878127380325,34.45596650398311
6240.878107849457,47.51385643205243
6241.878088318588,63.58564718424174
6242.87806878772,23.104132838786654
6243.87804925685,76.92895380862642
6244.878029725982,38.17378979958321
6245.878010195113,29.21850557394477
6246.877990664245,13.508241020308471
6247.877971133376,18.608211127432252
6248.877951602508,17.0978654742638
6249.877932071639,29.91047435186792
6250.877912540771,16.844983784420887
6251.877893009902,27.260393021410035
6252.877873479034,51.852930517197755
6253.8778539481655,30.141711988925625
6254.877834417297,21.891539594288673
6255.8778148864285,45.76468710228069
6256.87779535556,23.59942322719555
6257.8777758246915,51.6796658859947
6258.877756293823,35.25123611546384
6259.877736762955,21.452144724633712
6260.877717232085,13.764671702120745
6261.877697701217,40.24416692514442
6262.877678170348,57.92013380995194
6263.87765863948,47.09555216342918
6264.877639108611,38.07549269675661
6265.877619577743,38.03350632928677
6266.877600046874,38.734723868196454
6267.877580516006,37.537764777738204
6268.877560985137,49.74015895019774
6269.877541454269,36.36131251593645
6270.8775219234,24.73626644992088
6271.877502392532,55.25749568253844
6272.877482861663,20.016470671706248
6273.877463330795,23.204137732812303
6274.877443799926,24.409851638703625
6275.877424269058,11.55821280645985
6276.877404738189,21.451847170899303
6277.877385207321,48.09321195880233
6278.8773656764515,49.04162432387568
6279.877346145583,24.81684912492615
6280.877326614715,33.862189689515766
6281.877307083846,16.66819168597641
6282.877287552978,51.834091833937826
6283.877268022109,37.171037595252436
6284.877248491241,52.91640329912942
6285.877228960372,59.78905397031859
6286.877209429504,79.68231124428156
6287.877189898635,27.80187630416794
6288.877170367767,103.09637467966168
6289.877150836898,27.567891432423878
6290.87713130603,35.935865507152215
6291.877111775161,33.867278769405424
6292.877092244293,26.41146535732943
6293.877072713424,58.62883554579084
6294.877053182556,7.9504692557585885
6295.877033651686,78.5973247238297
6296.877014120818,45.98528219305467
6297.876994589949,12.039799221177661
6298.876975059081,58.6405462824966
6299.876955528212,63.019394880635936
6300.876935997344,28.41923163425023
6301.876916466475,55.10010110158092
6302.876896935607,10.635168728129209
6303.8768774047385,34.55610537995697
6304.87685787387,22.79835516552904
6305.8768383430015,27.655628669799796
6306.876818812133,65.64556265556656
6307.8767992812645,70.88414471683701
6308.876779750396,71.92611659835785
6309.876760219528,25.179611846447862
6310.876740688659,29.41130045738718
6311.876721157791,84.74653974782024
6312.876701626921,20.558928586354885
6313.876682096053,27.496660837722438
6314.876662565184,28.41644571521281
6315.876643034316,59.222250587892496
6316.876623503447,36.89501041429449
6317.876603972579,49.30200694364286
6318.87658444171,36.24202464281882
6319.876564910842,18.280760620366937
6320.876545379973,29.12394023294593
6321.876525849105,24.644575432081854
6322.876506318236,21.230614336179933
6323.876486787368,13.099340541629424
6324.876467256499,25.326248739711
6325.876447725631,20.47714506945244
6326.876428194762,43.267876840198774
6327.876408663894,46.01411408973345
6328.876389133025,41.107157406728575
6329.876369602157,14.795312365327794
6330.876350071288,21.81213058660252
6331.876330540419,30.96777495025071
6332.876311009551,31.640555843094585
6333.876291478682,23.85134069978118
6334.876271947814,34.97164252706028
6335.876252416945,45.62476183716679
6336.876232886077,30.110091821772063
6337.876213355208,42.384759877052495
6338.87619382434,44.478938734285684
6339.876174293471,38.719326660430454
6340.876154762603,42.294714961319535
6341.876135231734,34.324236919298194
6342.876115700866,49.58343785111311
6343.876096169997,33.14182848817164
6344.876076639129,43.96978400734139
6345.87605710826,19.655576430850367
6346.876037577392,46.42051874142348
6347.876018046522,29.989943245573464
6348.875998515654,24.395390645160845
6349.875978984785,33.33322396925382
6350.875959453917,21.554889141452982
6351.8759399230485,62.430637130489984
6352.87592039218,51.736544012765386
6353.8759008613115,52.16170607159093
6354.875881330443,58.14559600243393
6355.8758617995745,56.0755678904728
6356.875842268706,45.31656078122746
6357.875822737838,20.82116503636877
6358.875803206969,46.401100998844974
6359.875783676101,60.45184306796436
6360.875764145232,77.11797686832224
6361.875744614364,16.59511381491042
6362.875725083495,59.41741455830031
6363.875705552627,68.56060703824667
6364.875686021757,19.31792734799652
6365.875666490889,3.9566596254432773
6366.87564696002,66.8071215194247
6367.875627429152,55.374076472658075
6368.875607898283,33.12742794854425
6369.875588367415,54.22463497827727
6370.875568836546,23.119131489169796
6371.875549305678,35.35144449502309
6372.875529774809,24.37409865055852
6373.875510243941,24.817633918367658
6374.875490713072,48.2553105123286
6375.875471182204,48.732738933358924
6376.875451651335,67.36384860327031
6377.875432120467,10.506878942230722
6378.875412589598,66.63551308255495
6379.87539305873,32.219958231644576
6380.8753735278615,26.232638350756798
6381.875353996993,50.14014834770271
6382.875334466124,30.185540976753725
6383.875314935255,70.99879129649466
6384.875295404387,14.226965908655021
6385.875275873518,34.7675802842223
6386.87525634265,41.39188541549294
6387.875236811781,64.64276696464702
6388.875217280913,22.243162765584152
6389.875197750044,30.564053040381133
6390.875178219176,36.95407857023468
6391.875158688307,50.049996478849245
6392.875139157439,80.21835736148788
6393.87511962657,4.5492555124159315
6394.875100095702,17.938837964745428
6395.875080564833,60.25584312097382
6396.875061033965,28.108436567930436
6397.875041503096,16.23569422237047
6398.875021972228,7.506760722794511
6399.875002441358,13.981730714315688
6400.87498291049,32.21562860746628
6401.8749633796215,37.776113637408756
6402.874943848753,12.589174885816389
6403.8749243178845,94.82621843629386
6404.874904787016,49.56938863340395
6405.8748852561475,26.750221729580524
6406.874865725279,67.82720404628054
6407.874846194411,47.38485701943351
6408.874826663542,10.533874313493873
6409.874807132674,65.17701361655035
6410.874787601805,21.03717709810467
6411.874768070937,45.08912922240008
6412.874748540068,73.75897592387004
6413.8747290092,48.10668163672349
6414.874709478331,40.83285058408561
6415.874689947463,85.34320506595728
6416.874670416593,45.77915310696485
6417.874650885725,46.42453294493149
6418.874631354856,105.98547285781198
6419.874611823988,25.98999491884547
6420.874592293119,63.59135828720972
6421.874572762251,43.63375289190501
6422.874553231382,49.639089298893225
6423.874533700514,115.20867507782916
6424.874514169645,63.92674264682527
6425.874494638777,32.520566257943315
6426.874475107908,60.552525335673174
6427.87445557704,37.60092288234642
6428.8744360461715,74.76066959912713
6429.874416515303,22.3201707581924
6430.8743969844345,36.15710325071568
6431.874377453566,32.24970791549663
6432.8743579226975,45.3408164500454
6433.874338391829,56.4978604538863
6434.87431886096,39.94555124475714
6435.874299330091,42.758303290428486
6436.874279799223,62.56052201207079
6437.874260268354,117.58914407301093
6438.874240737486,56.29734238476783
6439.874221206617,58.62646668805402
6440.874201675749,53.316529262824226
6441.87418214488,35.51251089200547
6442.874162614012,27.00322801380415
6443.874143083143,21.253698174913517
6444.874123552275,27.891854061969635
6445.874104021406,29.47712224271646
6446.874084490538,30.220426394377068
6447.874064959669,19.025741261543857
6448.874045428801,20.97989318113761
6449.874025897932,18.100424078941312
6450.874006367064,35.79268334783183
6451.8739868361945,29.45343877537502
6452.873967305326,74.23583592348454
6453.8739477744575,60.3331082995631
6454.873928243589,32.85562729890376
6455.873908712721,54.11075802941171
6456.873889181852,64.88299653503891
6457.873869650984,69.69426232507479
6458.873850120115,13.700173443498795
6459.873830589247,26.620067197595265
6460.873811058378,32.230268991692746
6461.87379152751,47.09673204659961
6462.873771996641,43.760455633606256
6463.873752465773,31.040234823016377
6464.873732934904,27.791616960625802
6465.873713404036,33.7866719502804
6466.873693873167,15.461909740886801
6467.873674342299,18.177524331919876
6468.873654811429,15.685412511868346
6469.873635280561,63.151772679800395
6470.873615749692,9.337336404424423
6471.873596218824,90.76102668269318
6472.873576687955,109.8275986630585
6473.873557157087,33.405820840687674
6474.873537626218,96.60565060776008
6475.87351809535,80.32361919718653
6476.873498564481,137.01373253468702
6477.873479033613,80.88869928181657
6478.8734595027445,35.386179425697385
6479.873439971876,65.53352546233192
6480.8734204410075,62.883068334052176
6481.873400910139,95.34113444817153
6482.8733813792705,56.82446618409513
6483.873361848402,42.74523062139403
6484.873342317534,71.33832763544478
6485.873322786665,19.39163407463909
6486.873303255796,53.31933289664861
6487.873283724927,28.752188938787185
6488.873264194059,39.62436975856972
6489.87324466319,46.65021472035304
6490.873225132322,67.43275412469882
6491.873205601453,41.77759588560924
6492.873186070585,59.48406296859869
6493.873166539716,11.278134097234311
6494.873147008848,73.37260704402433
6495.873127477979,42.65298420553319
6496.873107947111,76.66229139791305
6497.873088416242,37.33592611149216
6498.873068885374,133.69786478828226
6499.873049354505,53.66836780481261
6500.873029823637,65.39615190238017
6501.873010292768,140.1849742599253
6502.8729907619,85.53030032998572
6503.8729712310305,46.53246350248275
6504.872951700162,58.10975427796746
6505.872932169294,28.32305194020537
6506.872912638425,27.778060416559715
6507.872893107557,29.70107292796728
6508.872873576688,58.318478485731895
6509.87285404582,37.91545822152317
6510.872834514951,21.53619427986795
6511.872814984083,43.37675025950261
6512.872795453214,21.562176029536005
6513.872775922346,35.06024178759055
6514.872756391477,45.21836683886734
6515.872736860609,39.487421453638156
6516.87271732974,41.65582647654921
6517.872697798872,70.31793199733575
6518.872678268003,43.258344171652965
6519.872658737135,61.435446248642734
6520.872639206265,61.36160394960448
6521.872619675397,43.52514277306922
6522.872600144528,11.503407464888467
6523.87258061366,59.328474184517766
6524.872561082791,83.40651992642343
6525.872541551923,39.85338435097741
6526.8725220210545,46.601854423439356
6527.872502490186,43.121019514213856
6528.8724829593175,34.616881333093936
6529.872463428449,50.27560168445661
6530.8724438975805,45.44318664041205
6531.872424366712,17.542772740283226
6532.872404835844,41.15420243407886
6533.872385304975,48.68917902011701
6534.872365774107,29.62803289001776
6535.872346243238,46.56476439375962
6536.87232671237,63.17963804325605
6537.872307181501,31.800668035741403
6538.872287650632,64.3305365572707
6539.872268119763,43.32964904734501
6540.872248588895,15.53620490696832
6541.872229058026,11.8218081932838
6542.872209527158,40.502612244278275
6543.872189996289,7.4068560625518085
6544.872170465421,14.256551515918005
6545.872150934552,50.63197492615302
6546.872131403684,32.516571975306505
6547.872111872815,49.67437530150232
6548.872092341947,71.47081645605662
6549.872072811078,37.70792320177735
6550.87205328021,5.707685436131478
6551.872033749341,54.58011319460792
6552.872014218473,8.33812531560162
6553.8719946876045,26.104743684015684
6554.871975156736,56.80762513531255
6555.871955625867,27.831000958551343
6556.871936094998,55.366534401898484
6557.87191656413,32.00087608321827
6558.871897033261,32.441715882348504
6559.871877502393,26.864920300315433
6560.871857971524,5.778925166612471
6561.871838440656,8.307808805291172
6562.871818909787,12.302850382976638
6563.871799378919,36.60903947601028
6564.87177984805,8.283902324422144
6565.871760317182,59.30950991709394
6566.871740786313,37.630948306184514
6567.871721255445,37.530487141612234
6568.871701724576,17.54287426722021
6569.871682193708,42.17874814301405
6570.871662662839,77.57935302738986
6571.871643131971,36.58779352198967
6572.871623601101,12.530397658901336
6573.871604070233,51.56746909190503
6574.871584539364,19.531128144664546
6575.871565008496,43.433310306809254
6576.8715454776275,20.28742452977162
6577.871525946759,73.3744594351839
6578.8715064158905,9.860955637017856
6579.871486885022,77.47038881313675
6580.8714673541535,44.64206553117518
6581.871447823285,10.488807252044017
6582.871428292417,22.087497488002107
6583.871408761548,32.666869145848324
6584.87138923068,19.04927661064646
6585.871369699811,68.88314674858374
6586.871350168943,42.0127261615414
6587.871330638074,66.17230455537158
6588.871311107206,31.5642093216837
6589.871291576336,8.306829137119568
6590.871272045468,34.864458330277806
6591.871252514599,87.09936530779942
6592.871232983731,4.431523379091072
6593.871213452862,78.03593483104886
6594.871193921994,83.38359394808677
6595.871174391125,51.55036152129654
6596.871154860257,40.966577327016225
6597.871135329388,65.35646008437382
6598.87111579852,15.38635163132845
6599.871096267651,35.723146890605925
6600.871076736783,1.2620948063274997
6601.871057205914,38.82796788616368
6602.871037675046,33.73627616417307
6603.8710181441775,25.9925757674666
6604.870998613309,21.905792820168745
6605.8709790824405,52.61579780982035
6606.870959551572,27.86426860244563
6607.870940020703,46.72889748812485
6608.870920489834,95.33509836106104
6609.870900958966,41.03235790165803
6610.870881428097,58.57619035701589
6611.870861897229,16.65856764988055
6612.87084236636,91.8793390387965
6613.870822835492,49.79637574405645
6614.870803304623,26.8262614425669
6615.870783773755,14.385504039543436
6616.870764242886,26.218281342137335
6617.870744712018,60.37326691824687
6618.870725181149,48.56254685138433
6619.870705650281,13.242074007726398
6620.870686119412,45.66852670316434
6621.870666588544,44.447433083029175
6622.870647057675,35.7899599884268
6623.870627526807,93.31134196793315
6624.8706079959375,162.26358335373382
6625.870588465069,44.90938834967759
6626.8705689342005,78.3202663865638
6627.870549403332,81.5535298695153
6628.8705298724635,64.54647645801283
6629.870510341595,29.60820024749324
6630.870490810727,69.51725435073598
6631.870471279858,61.8414689264089
6632.87045174899,81.76653796916105
6633.870432218121,123.76819002222608
6634.870412687253,61.03298562266158
6635.870393156384,69.33555406779158
6636.870373625516,28.768582605682596
6637.870354094647,63.34764438778744
6638.870334563779,40.594577482325505
6639.87031503291,25.360554327453162
6640.870295502042,19.71628184535445
6641.870275971172,13.083008979028259
6642.870256440304,40.496484169126454
6643.870236909435,32.35730814816261
6644.870217378567,38.24931286982817
6645.870197847698,19.497180935356322
6646.87017831683,15.25220559645483
6647.870158785961,20.771958242554632
6648.870139255093,40.37280413911192
6649.870119724224,29.0282652227582
6650.870100193356,54.01360560835129
6651.870080662487,40.76073534350739
6652.870061131619,48.60642926759003
6653.8700416007505,16.739135232530217
6654.870022069882,59.57813519168639
6655.8700025390135,54.06898222053778
6656.869983008145,54.52692916724414
6657.8699634772765,49.212203311398355
6658.869943946408,27.282781710888504
6659.869924415539,33.292802942688496
6660.86990488467,7.064742050349586
6661.869885353802,2.57762884199934
6662.869865822933,62.01543841199146
6663.869846292065,19.07293319729537
6664.869826761196,69.2604783268699
6665.869807230328,50.575203718098614
6666.869787699459,40.81178882029312
6667.869768168591,34.18496466799526
6668.869748637722,78.00939940603399
6669.869729106854,30.981000974494226
6670.869709575985,85.26759816918093
6671.869690045117,70.27402891516704
6672.869670514248,71.56553571495915
6673.86965098338,77.21300003664595
6674.869631452511,7.286419839302728
6675.869611921643,40.05187201939789
6676.8695923907735,26.000942028038658
6677.869572859905,25.950146896407084
6678.8695533290365,25.480803851522356
6679.869533798168,29.78813675798319
6680.8695142673,76.17091920393791
6681.869494736431,42.17338779493303
6682.869475205563,11.549071313004006
6683.869455674694,33.436101312910324
6684.869436143826,53.36127500294443
6685.869416612957,35.305624979985
6686.869397082089,40.39635858452671
6687.86937755122,31.582873408331892
6688.869358020352,8.033170702191178
6689.869338489483,44.47186846462117
6690.869318958615,21.23205313628564
6691.869299427746,31.97485722104762
6692.869279896878,48.06127249178833
6693.869260366008,9.949577234079806
6694.86924083514,79.5844571733886
6695.869221304271,48.46951922657997
6696.869201773403,41.05089716583802
6697.869182242534,61.83957262006855
6698.869162711666,125.40556269764473
6699.869143180797,60.78091219028639
6700.869123649929,26.07726196281916
6701.8691041190605,38.515941178711785
6702.869084588192,90.53531062906524
6703.8690650573235,60.01282811759273
6704.869045526455,32.67497321565651
6705.8690259955865,75.4661647905868
6706.869006464718,76.45264037747627
6707.86898693385,29.168359454784234
6708.868967402981,0.6045931816033029
6709.868947872113,54.04832152983099
6710.868928341244,13.195620187018866
6711.868908810375,35.43591993410304
6712.868889279506,65.06133140173975
6713.868869748638,49.003331791678086
6714.868850217769,41.94977295623437
6715.868830686901,45.51972152556146
6716.868811156032,67.42175129211205
6717.868791625164,11.905175669156309
6718.868772094295,13.367374378209718
6719.868752563427,65.62673184361924
6720.868733032558,45.76695905492187
6721.86871350169,78.06185997171309
6722.868693970821,43.86110012002443
6723.868674439953,46.260033840820235
6724.868654909084,77.6637511127337
6725.868635378216,17.981663436186793
6726.868615847347,109.20007735831997
6727.868596316479,42.191936349107785
6728.86857678561,16.64547688441285
6729.868557254741,51.62747698654344
6730.868537723873,34.464996622219005
6731.868518193004,34.44890961264004
6732.868498662136,46.13121424064918
6733.868479131267,40.2347074595248
6734.868459600399,73.51133639656008
6735.86844006953,70.91555820670662
6736.868420538662,33.690541597686774
6737.868401007793,42.41774052305393
6738.868381476925,64.6648758971359
6739.868361946056,53.5822494808511
6740.868342415188,81.12470960759146
6741.868322884319,53.78951531570784
6742.868303353451,59.838039383510285
6743.868283822582,15.840053787523992
6744.868264291714,19.272511703604764
6745.868244760844,32.26846495285915
6746.868225229976,33.40116845103833
6747.868205699107,64.66282189152801
6748.868186168239,44.65509623676686
6749.86816663737,28.98098776793246
6750.868147106502,22.43650281496287
6751.8681275756335,56.33611649611447
6752.868108044765,12.285728082859572
6753.8680885138965,17.826564758301984
6754.868068983028,14.609109601420593
6755.8680494521595,32.966421076316635
6756.868029921291,37.96020518930032
6757.868010390423,53.096082585884346
6758.867990859554,9.833285107266466
6759.867971328686,24.058106526824727
6760.867951797817,37.22937648724541
6761.867932266949,28.193147253784254
6762.86791273608,44.447426222046055
6763.867893205211,8.631387731671992
6764.867873674342,24.2747062665987
6765.867854143474,45.10193376130509
6766.867834612605,44.95894228873968
6767.867815081737,51.449230014657935
6768.867795550868,25.360430890620748
6769.86777602,33.429224509393826
6770.867756489131,10.672718358938456
6771.867736958263,67.75733306248311
6772.867717427394,29.2865085672793
6773.867697896526,42.36411586373434
6774.867678365657,3.797321124082215
6775.867658834789,22.767331278261107
6776.86763930392,22.286056203541797
6777.867619773052,19.32352614961099
6778.8676002421835,15.791351901390385
6779.867580711315,60.359040774096556
6780.867561180446,4.017964611454411
6781.867541649577,47.35709548871848
6782.867522118709,54.60444388421534
6783.86750258784,14.690524533982712
6784.867483056972,54.389079524164856
6785.867463526103,41.54207763986288
6786.867443995235,19.849340528559633
6787.867424464366,38.722004138541294
6788.867404933498,62.79191379146653
6789.867385402629,22.77318611624023
6790.867365871761,22.822647529219402
6791.867346340892,58.08596144176817
6792.867326810024,27.69372588758448
6793.867307279155,25.981678264060665
6794.867287748287,50.937781208986486
6795.867268217418,28.56813385126843
6796.86724868655,28.27241391785463
6797.86722915568,44.96194163780635
6798.867209624812,61.37532110733106
6799.8671900939435,24.828418034845843
6800.867170563075,6.221155871966915
6801.8671510322065,30.45709757834031
6802.867131501338,24.54320942537727
6803.8671119704695,37.18226425650498
6804.867092439601,19.334305810901494
6805.867072908733,51.84613020012623
6806.867053377864,25.532866083669195
6807.867033846996,27.33024645198258
6808.867014316127,25.503855934887298
6809.866994785259,25.51661574358524
6810.86697525439,40.14122915432786
6811.866955723522,27.958755063430655
6812.866936192653,32.85672637623724
6813.866916661785,20.932627367197743
6814.866897130916,71.17670071414655
6815.866877600047,49.50690217652446
6816.866858069178,21.57486736597937
6817.86683853831,46.07464583473957
6818.866819007441,43.56749536534602
6819.866799476573,4.1699873805629375
6820.866779945704,18.61176462255789
6821.866760414836,31.08434699205448
6822.866740883967,43.8880694961679
6823.866721353099,23.122241361907403
6824.86670182223,6.723909975887227
6825.866682291362,61.903637155221595
6826.866662760493,37.74673015464685
6827.866643229625,32.60973871336975
6828.8666236987565,44.33067368476138
6829.866604167888,5.154421592853805
6830.8665846370195,19.41775881869061
6831.866565106151,36.29923419441335
6832.866545575282,35.65848745164163
6833.866526044413,32.13118925154703
6834.866506513545,34.97787421766862
6835.866486982676,22.861866572908323
6836.866467451808,14.521208310324305
6837.866447920939,35.51392999228881
6838.866428390071,44.10013358094002
6839.866408859202,43.791608324565445
6840.866389328334,54.65062211203601
6841.866369797465,25.943094024024298
6842.866350266597,55.679492837551976
6843.866330735728,35.06738369287412
6844.86631120486,10.078138517376996
6845.866291673991,29.356453464950185
6846.866272143123,15.72835951393973
6847.866252612254,52.014657956234196
6848.866233081386,28.39235020051038
6849.8662135505165,23.730317981196297
6850.866194019648,40.97024359103831
6851.8661744887795,100.74930119077189
6852.866154957911,20.679187651715896
6853.8661354270425,76.43784036727337
6854.866115896174,46.82699840700124
6855.866096365306,29.59950138547612
6856.866076834437,57.74229897005582
6857.866057303569,18.561234998167958
6858.8660377727,21.344141955916143
6859.866018241832,43.110711000642894
6860.865998710963,43.44635127911703
6861.865979180095,27.56660300130224
6862.865959649226,18.78862555240869
6863.865940118358,42.71975552722449
6864.865920587489,41.5558300220066
6865.865901056621,84.22200576327927
6866.865881525752,64.93514516339657
6867.865861994883,113.4118263811505
6868.865842464014,99.052312372901
6869.865822933146,95.55061666421015
6870.865803402277,31.570851567235074
6871.865783871409,32.90285269665517
6872.86576434054,33.75402026060595
6873.865744809672,41.47572562288904
6874.865725278803,87.40558800405661
6875.865705747935,43.59886681255075
6876.8656862170665,79.06373651698159
6877.865666686198,17.8577890263547
6878.8656471553295,46.33325814767688
6879.865627624461,41.97380124187866
6880.8656080935925,20.227135417985217
6881.865588562724,46.33153821462377
6882.865569031856,37.719377037534784
6883.865549500987,31.201644133646727
6884.865529970118,15.181165121966849
6885.865510439249,54.26448300631774
6886.865490908381,102.29861543462908
6887.865471377512,64.2797079341741
6888.865451846644,47.9230448335138
6889.865432315775,50.72665816057011
6890.865412784907,32.04337093400362
6891.865393254038,78.54360351204635
6892.86537372317,77.04397557681982
6893.865354192301,20.578153868770055
6894.865334661433,28.361439190876425
6895.865315130564,22.621620339727606
6896.865295599696,29.973656618185057
6897.865276068827,30.3010859661759
6898.865256537959,17.909949834139496
6899.86523700709,16.009607713447593
6900.865217476222,60.710016768347295
6901.8651979453525,59.75561325239775
6902.865178414484,18.739234692125443
6903.865158883616,7.614728052384623
6904.865139352747,50.69913178961559
6905.865119821879,71.3622590334523
6906.86510029101,53.29585302859366
6907.865080760142,21.668991145776236
6908.865061229273,60.917776491558485
6909.865041698405,19.841048747756574
6910.865022167536,25.763981788539358
6911.865002636668,15.73990722553402
6912.864983105799,62.46790246139304
6913.864963574931,48.150174008528495
6914.864944044062,41.83288385354147
6915.864924513194,82.79522021473026
6916.864904982325,102.08138862329561
6917.864885451457,39.30400917193906
6918.864865920588,41.81612433918709
6919.864846389719,51.508574084541245
6920.86482685885,39.28309479680353
6921.864807327982,41.71642414266808
6922.864787797113,22.953830126871818
6923.864768266245,44.835202427480944
6924.864748735376,144.44940258029254
6925.864729204508,83.78723254802894
6926.8647096736395,98.13352280279571
6927.864690142771,75.1109717600468
6928.8646706119025,43.80745906083979
6929.864651081034,27.416555979002812
6930.8646315501655,83.41791421771808
6931.864612019297,16.054594873596923
6932.864592488429,47.76100008842924
6933.86457295756,62.89941803780877
6934.864553426692,70.2798828182737
6935.864533895823,99.53674609638276
6936.864514364954,36.45046395141396
6937.864494834085,75.60188713316927
6938.864475303217,20.521381824178054
6939.864455772348,53.21266240626839
6940.86443624148,52.34102783797967
6941.864416710611,37.79261644364017
6942.864397179743,83.98061827722319
6943.864377648874,105.89921432896654
6944.864358118006,48.024389371276406
6945.864338587137,30.012344307898566
6946.864319056269,117.80914639505615
6947.8642995254,35.08300793021066
6948.864279994532,76.4672128194078
6949.864260463663,106.46742768304897
6950.864240932795,66.53793824219984
6951.864221401926,40.232847335723676
6952.864201871058,30.859340721764866
6953.864182340189,25.869987167796697
6954.86416280932,70.00035818965532
6955.864143278452,53.81774180456623
6956.864123747583,64.23044185571074
6957.864104216715,41.84084779874849
6958.864084685846,74.49114410867594
6959.864065154978,83.88029080167499
6960.864045624109,51.49394413708786
6961.864026093241,90.47613424550669
6962.864006562372,45.47396355453432
6963.863987031504,82.10525969574412
6964.863967500635,82.13336639269622
6965.863947969767,51.78168156964421
6966.863928438898,11.702656453176132
6967.86390890803,57.68641141184369
6968.863889377161,59.58746455999596
6969.863869846293,50.287969056450265
6970.863850315423,7.208925595291918
6971.863830784555,34.3822842595047
6972.863811253686,52.32945643311573
6973.863791722818,23.888495956619607
6974.8637721919495,85.09782924099004
6975.863752661081,45.02544057578877
6976.8637331302125,58.4415541354947
6977.863713599344,70.884355803702
6978.8636940684755,34.64497819906074
6979.863674537607,24.569808473608695
6980.863655006739,23.800918019846137
6981.86363547587,61.10865514690634
6982.863615945002,64.0235480392692
6983.863596414133,92.6355692239268
6984.863576883265,37.77876596895597
6985.863557352396,21.557899106006758
6986.863537821528,55.238151358326306
6987.863518290659,20.940937281483766
6988.86349875979,88.33755537799307
6989.863479228921,20.91992118171958
6990.863459698053,62.875207899651166
6991.863440167184,38.09450818185307
6992.863420636316,44.98972183805888
6993.863401105447,40.88325676419121
6994.863381574579,67.45409093279042
6995.86336204371,59.81138494477899
6996.863342512842,38.99972351618455
6997.863322981973,107.070334560229
6998.863303451105,156.5332847626324
6999.863283920236,85.74885925841836
7000.863264389368,82.99221141106604
7001.8632448584995,40.80314659129972
7002.863225327631,17.349734961936598
7003.8632057967625,64.59653723475915
7004.863186265894,25.59318616175483
7005.863166735025,8.905211349972321
7006.863147204156,32.8238269661772
7007.863127673288,23.11793867110683
7008.863108142419,50.853086237026076
7009.863088611551,24.960769512230097
7010.863069080682,51.61694333471778
7011.863049549814,41.298439256105574
7012.863030018945,53.0781920431278
7013.863010488077,63.94824073618149
7014.862990957208,7.6681164934470285
7015.86297142634,34.49797891142331
7016.862951895471,55.45325013120726
7017.862932364603,17.37106599232237
7018.862912833734,58.172747233886874
7019.862893302866,78.14556693365324
7020.862873771997,108.78635013392666
7021.862854241129,53.968055723472915
7022.862834710259,31.088196903677307
7023.862815179391,95.70412824427609
7024.8627956485225,20.969662729530768
7025.862776117654,47.65701544447499
7026.8627565867855,48.36872145373222
7027.862737055917,57.845853986290784
7028.8627175250485,53.42975113543467
7029.86269799418,34.21276915390295
7030.862678463312,86.00028503813067
7031.862658932443,60.98557165281402
7032.862639401575,31.78220478023607
7033.862619870706,77.12444614484461
7034.862600339838,74.52376031150725
7035.862580808969,75.13417299167031
7036.862561278101,69.8200934886681
7037.862541747232,112.08665138014963
7038.862522216364,69.73542611924826
7039.862502685495,26.0667448994552
7040.862483154626,87.10395254970918
7041.862463623757,15.816383042508464
7042.862444092889,35.84966252103705
7043.86242456202,60.89451870413219
7044.862405031152,86.54663156907601
7045.862385500283,63.27245263243675
7046.862365969415,77.47507316369418
7047.862346438546,36.891266141386936
7048.862326907678,56.19321124035872
7049.862307376809,109.35307408382909
7050.862287845941,99.10688129232932
7051.8622683150725,42.467949283197974
7052.862248784204,104.85580391657294
7053.8622292533355,21.47283714584389
7054.862209722467,100.7629810516046
7055.8621901915985,134.3798022469626
7056.86217066073,59.12011558556782
7057.862151129861,63.79770950500524
7058.862131598992,12.833104145878742
7059.862112068124,50.19278373366003
7060.862092537255,26.620992484972735
7061.862073006387,39.074569152504964
7062.862053475518,29.968036055656135
7063.86203394465,47.76301822887037
7064.862014413781,35.27636912161674
7065.861994882913,54.38795024790455
7066.861975352044,37.46810239625557
7067.861955821176,23.281840106918022
7068.861936290307,77.29405178557552
7069.861916759439,47.392625705672906
7070.86189722857,107.09008881010642
7071.861877697702,81.01905398689989
7072.861858166833,50.1236798544393
7073.861838635965,92.2419317788136
7074.8618191050955,100.7585775612011
7075.861799574227,51.71269898798542
7076.8617800433585,47.19395988866913
7077.86176051249,49.55818957829608
7078.861740981622,85.42965346898542
7079.861721450753,104.81284652468747
7080.861701919885,81.17852521619099
7081.861682389016,70.06725401531693
7082.861662858148,55.40686424810132
7083.861643327279,127.18568556698473
7084.861623796411,144.82304295337735
7085.861604265542,86.76223521322441
7086.861584734674,30.479388927674528
7087.861565203805,59.56471008659789
7088.861545672937,62.64126770600341
7089.861526142068,49.844635207607716
7090.8615066112,39.702872949065004
7091.861487080331,48.44953575762128
7092.861467549462,55.35719957916684
7093.861448018593,12.399772601521134
7094.861428487725,40.07553966180181
7095.861408956856,21.419467053207324
7096.861389425988,55.43736037091765
7097.861369895119,69.87336771287154
7098.861350364251,34.007331613194715
7099.861330833382,63.00876386354895
7100.861311302514,27.68467843255929
7101.8612917716455,40.034797072510685
7102.861272240777,30.4631341232197
7103.8612527099085,48.61743213826806
7104.86123317904,7.809642676634469
7105.8612136481715,49.943330413043
7106.861194117303,44.582780322575296
7107.861174586435,26.887345820230237
7108.861155055566,26.93499369316141
7109.861135524697,21.235513876924287
7110.861115993828,17.663362873560548
7111.86109646296,26.50609563241122
7112.861076932091,17.91187671210942
7113.861057401223,35.22542266456272
7114.861037870354,21.73548412284845
7115.861018339486,13.250759427480782
7116.860998808617,19.008673952879597
7117.860979277749,30.51868474133583
7118.86095974688,29.123906136040034
7119.860940216012,29.372590670241614
7120.860920685143,50.70106567899038
7121.860901154275,51.31474019919745
7122.860881623406,63.68900437180748
7123.860862092538,89.77386753340208
7124.860842561669,84.17360749659446
7125.860823030801,65.7051458968823
7126.8608034999315,15.878812704946814
7127.860783969063,70.48863127460278
7128.860764438195,39.510034377202096
7129.860744907326,9.672041057369338
7130.860725376458,36.11436543762199
7131.860705845589,41.9764456905748
7132.860686314721,20.200202659097254
7133.860666783852,47.24485857511182
7134.860647252984,81.30914730820645
7135.860627722115,55.56913328654144
7136.860608191247,44.62979691337027
7137.860588660378,29.0153719340291
7138.86056912951,32.06434281463087
7139.860549598641,31.203880566576636
7140.860530067773,39.81590496671668
7141.860510536904,34.90532251819788
7142.860491006036,97.63741974416955
7143.860471475167,41.11133966916417
7144.860451944298,65.23629902155437
7145.860432413429,105.8959217089657
7146.860412882561,36.44855069634378
7147.860393351692,17.004928020185805
7148.860373820824,87.1428850431077
7149.8603542899555,8.211353334951212
7150.860334759087,55.59925402652951
7151.8603152282185,47.91714357508249
7152.86029569735,16.600888340428565
7153.8602761664815,22.869240840330512
7154.860256635613,72.57464131286372
7155.860237104745,11.211277029621094
7156.860217573876,40.42980147971125
7157.860198043008,79.43217553151537
7158.860178512139,17.774771595502976
7159.860158981271,61.62363962395646
7160.860139450402,36.7866945674461
7161.860119919533,45.68186849573009
7162.860100388664,61.17448026970856
7163.860080857796,43.69413568699032
7164.860061326927,46.88893882601006
7165.860041796059,87.58710752387219
7166.86002226519,23.6843817581692
7167.860002734322,35.844294422313816
7168.859983203453,70.39618117165371
7169.859963672585,103.03440441087501
7170.859944141716,53.1548190716168
7171.859924610848,19.799347748298047
7172.859905079979,44.3940946144893
7173.859885549111,70.04480459283774
7174.859866018242,72.75609379099491
7175.859846487374,28.824203882455233
7176.8598269565055,23.58042628549643
7177.859807425637,72.40604062817705
7178.859787894768,46.34320838683084
7179.859768363899,25.129837978070114
7180.859748833031,30.75713730253589
7181.859729302162,61.55782106229744
7182.859709771294,33.10514260442185
7183.859690240425,3.4312031985123244
7184.859670709557,33.34802316336458
7185.859651178688,38.26027461209325
7186.85963164782,25.679869233982824
7187.859612116951,44.447578599617344
7188.859592586083,10.220348863755598
7189.859573055214,52.29574890916679
7190.859553524346,37.311584362274495
7191.859533993477,42.279482804799635
7192.859514462609,61.38764317281007
7193.85949493174,46.211784676389236
7194.859475400872,24.575131425351156
7195.859455870003,38.527673764196294
7196.859436339134,62.634928346795476
7197.859416808265,30.19034043095319
7198.859397277397,90.66161009873012
7199.8593777465285,25.247832578390653
7200.85935821566,60.216052945330425
7201.8593386847915,50.60226915234463
7202.859319153923,26.673790769474266
7203.8592996230545,46.030085688897515
7204.859280092186,22.58757541966553
7205.859260561318,32.01175863072614
7206.859241030449,33.20066556726751
7207.859221499581,23.041603440159193
7208.859201968712,5.682908727326667
7209.859182437844,18.92492228388341
7210.859162906975,42.935210133356215
7211.859143376107,16.442684160050995
7212.859123845238,20.844061062904846
7213.859104314369,46.40848967336715
7214.8590847835,73.9378895846725
7215.859065252632,26.948791483327078
7216.859045721763,70.84869568307595
7217.859026190895,95.46670122434068
7218.859006660026,15.269478595203534
7219.858987129158,56.03054630555669
7220.858967598289,28.215863680187393
7221.858948067421,40.29169397684757
7222.858928536552,76.28618102368179
7223.858909005684,68.51413000181464
7224.858889474815,15.430703077232371
7225.858869943947,46.51086304998917
7226.8588504130785,13.871295509103678
7227.85883088221,2.1426300114946883
7228.8588113513415,35.32547345061235
7229.858791820473,17.113733124172803
7230.858772289604,36.249496257126864
7231.858752758735,12.52369797276229
7232.858733227867,69.77074684736897
7233.858713696998,38.76190322099934
7234.85869416613,9.996729803063893
7235.858674635261,41.92708561349402
7236.858655104393,103.78257971603806
7237.858635573524,51.65067296468884
7238.858616042656,44.75275806070087
7239.858596511787,26.241350764331205
7240.858576980919,41.36310701399771
7241.85855745005,30.09451380770536
7242.858537919182,16.15804430431824
7243.858518388313,64.44742542381378
7244.858498857445,80.62147652447712
7245.858479326576,59.06020391937722
7246.858459795708,90.93776103211296
7247.858440264839,33.21557250679165
7248.85842073397,65.86443033946225
7249.8584012031015,39.39330420215518
7250.858381672233,69.05828446261974
7251.8583621413645,24.073884387383828
7252.858342610496,103.25491478619233
7253.858323079628,48.895761906325056
7254.858303548759,66.36903506275466
7255.858284017891,65.94225991480904
7256.858264487022,41.20933131850842
7257.858244956154,7.008126644517394
7258.858225425285,46.986514549337656
7259.858205894417,43.92316795318439
7260.858186363548,27.98764089629155
7261.85816683268,32.46598802411927
7262.858147301811,53.9388024157572
7263.858127770943,43.51184942144693
7264.858108240074,39.313258156330264
7265.858088709205,30.59509256708741
7266.858069178336,17.635064995846406
7267.858049647468,35.25405927515186
7268.858030116599,9.428726173217294
7269.858010585731,6.922422547765752
7270.857991054862,30.511111908585065
7271.857971523994,1.1954362083139596
7272.857951993125,37.78333408383685
7273.857932462257,52.602478214142025
7274.8579129313885,25.52532928698786
7275.85789340052,54.775793417798944
7276.8578738696515,59.43500932025439
7277.857854338783,24.765861868438012
7278.8578348079145,42.043037231639126
7279.857815277046,19.700867162680666
7280.8577957461775,97.49479027279298
7281.857776215309,68.85412261020659
7282.85775668444,39.40923072741654
7283.857737153571,87.3215796475302
7284.857717622703,42.2860654554632
7285.857698091834,21.621931123364664
7286.857678560966,19.22694934014488
7287.857659030097,57.212161966952415
7288.857639499229,23.540227939055832
7289.85761996836,26.538674994950703
7290.857600437492,78.67043368361884
7291.857580906623,36.09270299729975
7292.857561375755,37.03789041533949
7293.857541844886,51.0021594443895
7294.857522314018,53.64985847872214
7295.857502783149,20.124677610821987
7296.857483252281,23.549932157447333
7297.857463721412,32.45191759335844
7298.857444190544,50.22333745243966
7299.857424659675,51.008468954760176
7300.857405128806,12.921209352575138
7301.8573855979375,76.64202542942002
7302.857366067069,45.1965780422475
7303.857346536201,22.617103200298278
7304.857327005332,58.76194428966966
7305.857307474464,65.76967528718
7306.857287943595,10.257740704403332
7307.857268412727,25.690286023722088
7308.857248881858,66.75960696252108
7309.85722935099,59.77195448047609
7310.857209820121,108.76332434798522
7311.857190289253,57.04374923498453
7312.857170758384,53.09916630548887
7313.857151227516,14.538003017397887
7314.857131696647,92.53333750654012
7315.857112165779,70.422408750818
7316.85709263491,25.474647148470748
7317.857073104041,65.1993139499591
7318.857053573172,40.34785582988894
7319.857034042304,39.698548236884456
7320.857014511435,12.855814467286999
7321.856994980567,63.643621365698564
7322.856975449698,58.24327877973126
7323.85695591883,46.854526541753735
7324.8569363879615,70.89962597081282
7325.856916857093,16.93151379551923
7326.8568973262245,49.65928306251532
7327.856877795356,29.869503221903322
7328.8568582644875,12.466125707106716
7329.856838733619,57.49910694502112
7330.856819202751,21.49550597072194
7331.856799671882,43.76774731780924
7332.856780141014,39.305150710888086
7333.856760610145,59.17742294662399
7334.856741079276,32.491213939207526
7335.856721548407,92.92850947971505
7336.856702017539,65.349287253652
7337.85668248667,40.00096075571368
7338.856662955802,90.90557517041276
7339.856643424933,91.79055350006401
7340.856623894065,78.68830533386645
7341.856604363196,35.99387205324542
7342.856584832328,23.752944570282857
7343.856565301459,93.90286945982264
7344.856545770591,23.964024245197393
7345.856526239722,95.19099259553533
7346.856506708854,7.674732347382482
7347.856487177985,39.747263547385394
7348.856467647117,16.280557760620642
7349.856448116248,103.75169043614338
7350.85642858538,21.168946972481578
7351.8564090545115,67.81887594300963
7352.856389523642,61.57551094934775
7353.856369992774,24.617320991186528
7354.856350461905,34.26125411737936
7355.856330931037,33.157876614365044
7356.856311400168,4.207689026938834
7357.8562918693,17.26756471478917
7358.856272338431,32.83733298756717
7359.856252807563,13.272457807797792
7360.856233276694,35.2011234112816
7361.856213745826,17.710374558779584
7362.856194214957,46.105385344663844
7363.856174684089,57.834994214418465
7364.85615515322,34.51098130104674
7365.856135622352,34.184748187026344
7366.856116091483,28.45657449993685
7367.856096560615,98.93952305229932
7368.856077029746,40.648290233048556
7369.856057498877,20.250306126702803
7370.856037968008,57.88741334155477
7371.85601843714,117.44798373547937
7372.855998906271,81.06336625763971
7373.855979375403,108.25004743618275
7374.8559598445345,52.65063467179026
7375.855940313666,33.77348633113501
7376.8559207827975,57.72264271907887
7377.855901251929,25.827431245192763
7378.8558817210605,51.196854578598206
7379.855862190192,53.60642579977369
7380.855842659324,41.2405799358003
7381.855823128455,78.32354103484569
7382.855803597587,56.081746310981295
7383.855784066718,16.996918084902422
7384.85576453585,17.396810462688425
7385.855745004981,110.00188641035864
7386.855725474112,23.76644891916163
7387.855705943243,49.732868583620366
7388.855686412375,18.69021792108607
7389.855666881506,13.74382240361346
7390.855647350638,32.730279041069565
7391.855627819769,35.00656363046617
7392.855608288901,32.390739339097884
7393.855588758032,16.79264965713091
7394.855569227164,30.004924775253222
7395.855549696295,46.21685103235259
7396.855530165427,38.087591721363474
7397.855510634558,33.78491447710068
7398.85549110369,21.456927667565758
7399.855471572821,46.53470162711511
7400.855452041953,19.06777076384798
7401.8554325110845,13.274798033504343
7402.855412980216,41.05431835866586
7403.855393449347,20.47469976970807
7404.855373918478,49.70340692650509
7405.85535438761,25.08495727525701
7406.855334856741,80.82497067881965
7407.855315325873,3.8120249946326616
7408.855295795004,10.155609768422792
7409.855276264136,27.867652655546426
7410.855256733267,20.333447157016053
7411.855237202399,34.57206204946615
7412.85521767153,24.352672622453635
7413.855198140662,62.30897538359669
7414.855178609793,10.957726439981075
7415.855159078925,36.78086472877475
7416.855139548056,41.000567334704144
7417.855120017188,36.85983419425019
7418.855100486319,16.607758034987846
7419.855080955451,55.24279747420229
7420.855061424582,48.74213562918835
7421.855041893713,48.7690215972893
7422.8550223628445,45.6335366181892
7423.855002831976,71.55421745175484
7424.8549833011075,59.213363316578665
7425.854963770239,53.29010301420625
7426.8549442393705,95.29483112417695
7427.854924708502,73.6445984853967
7428.854905177634,27.432268363414583
7429.854885646765,36.87973770671497
7430.854866115897,14.594470329699261
7431.854846585028,87.44165794606378
7432.85482705416,58.10244457552826
7433.854807523291,37.9333359878526
7434.854787992423,39.79795552050649
7435.854768461554,34.44119700463349
7436.854748930686,30.930281456064556
7437.854729399817,53.31123239843069
7438.854709868948,33.1514502561115
7439.854690338079,71.82513754399704
7440.854670807211,28.730301901715613
7441.854651276342,32.30923796617393
7442.854631745474,14.055252932700023
7443.854612214605,33.23818027474948
7444.854592683737,27.909392908661975
7445.854573152868,12.201030759947706
7446.854553622,43.60896874369231
7447.854534091131,46.38145416357217
7448.854514560263,67.57008914047647
7449.8544950293945,40.54059551269956
7450.854475498526,39.292637166107866
7451.8544559676575,69.01515112226464
7452.854436436789,13.684613602077722
7453.8544169059205,58.708083475844155
7454.854397375052,78.74012226354547
7455.854377844183,78.32553056335378
7456.854358313314,58.429242097587526
7457.854338782446,8.47140457763925
7458.854319251577,83.53480419530585
7459.854299720709,63.25309088478271
7460.85428018984,74.92464886713077
7461.854260658972,47.80472956469365
7462.854241128103,37.243928580519146
7463.854221597235,67.0536599381252
7464.854202066366,32.93553125855869
7465.854182535498,44.91279610337217
7466.854163004629,39.9915858000979
7467.854143473761,90.12501345583344
7468.854123942892,27.115518362816385
7469.854104412024,11.575720543693153
7470.854084881155,44.897567695844
7471.854065350287,76.01444650711194
7472.854045819418,52.678375716428434
7473.854026288549,35.95345970283778
7474.8540067576805,56.731258479426
7475.853987226812,23.546625727157355
7476.8539676959435,78.7117466497802
7477.853948165075,28.816562861604496
7478.853928634207,9.068961697702413
7479.853909103338,62.37509130828567
7480.85388957247,59.95208623247559
7481.853870041601,66.40816634826028
7482.853850510733,32.3461223968493
7483.853830979864,13.272679432749017
7484.853811448996,81.76391159700407
7485.853791918127,71.207458594887
7486.853772387259,44.488545990039306
7487.85375285639,35.42092267273759
7488.853733325522,20.724758980149215
7489.853713794653,11.27026024649642
7490.853694263784,76.28099554536409
7491.853674732915,48.60491864421928
7492.853655202047,55.886460750969306
7493.853635671178,100.72891352838353
7494.85361614031,39.48534969716162
7495.853596609441,62.95825980522985
7496.853577078573,52.03856889653667
7497.853557547704,58.13604012157456
7498.853538016836,53.168204499589706
7499.8535184859675,112.85720731995207
7500.853498955099,51.46912612976802
7501.8534794242305,31.801156299470538
7502.853459893362,54.19490496712966
7503.8534403624935,52.156156008358536
7504.853420831625,11.523757234281577
7505.853401300757,46.09479187070942
7506.853381769888,51.00287845450171
7507.853362239019,41.009562891917135
7508.85334270815,65.90250755387343
7509.853323177282,78.62066438634609
7510.853303646413,56.800892085599315
7511.853284115545,71.80711357521245
7512.853264584676,20.71078058956035
7513.853245053808,11.937397137552312
7514.853225522939,52.20448734131729
7515.853205992071,20.42746466670101
7516.853186461202,46.62989522303935
7517.853166930334,22.639200832958828
7518.853147399465,53.35923468255769
7519.853127868597,41.03908811926495
7520.853108337728,62.494066800734174
7521.85308880686,78.32412563282053
7522.853069275991,61.236843694279514
7523.853049745123,16.16547129405427
7524.853030214254,49.37831018139476
7525.853010683385,78.40301524624623
7526.852991152517,75.8520634996238
7527.852971621648,27.60060629333488
7528.85295209078,39.49159676156675
7529.852932559911,26.627309929819212
7530.852913029043,30.109537311811266
7531.852893498174,47.88257726922077
7532.852873967306,71.15322094949488
7533.852854436437,11.931212142073523
7534.852834905569,32.67589637837868
7535.8528153747,27.67413417152544
7536.852795843832,55.64513324513805
7537.852776312963,22.039916976372073
7538.852756782095,41.04395775244615
7539.852737251226,61.00679868335512
7540.852717720358,39.165856798924914
7541.852698189489,38.040271437198555
7542.85267865862,26.012876814727946
7543.852659127751,27.467273816892742
7544.852639596883,22.573104399823563
7545.852620066014,37.02801502826817
7546.852600535146,37.22145789860251
7547.852581004277,9.57083243799956
7548.852561473409,82.68075243415782
7549.8525419425405,45.81624645003807
7550.852522411672,29.7717986921095
7551.8525028808035,63.58232285152571
7552.852483349935,37.65603020068878
7553.8524638190665,54.88326775200325
7554.852444288198,59.97645947144146
7555.85242475733,52.426853114909356
7556.852405226461,36.21594643927734
7557.852385695593,59.4178074745793
7558.852366164724,23.76532762809734
7559.852346633855,6.877301427576685
7560.852327102986,65.82169910416825
7561.852307572118,44.7327522419786
7562.852288041249,31.47450573453466
7563.852268510381,54.888597280149014
7564.852248979512,30.492755293306228
7565.852229448644,73.49997291553079
7566.852209917775,11.457538163624307
7567.852190386907,30.949319757034136
7568.852170856038,39.83996305586853
7569.85215132517,8.410764964632385
7570.852131794301,37.48732449750019
7571.852112263433,93.26637899001118
7572.852092732564,10.162636900130211
7573.852073201696,18.957195270784602
7574.852053670827,7.0632938794966575
7575.852034139959,29.413997644319604
7576.8520146090905,66.31411415913428
7577.851995078221,60.55882061979787
7578.851975547353,46.651635538511144
7579.851956016484,19.494469395827224
7580.851936485616,11.868517935087816
7581.851916954747,24.10492221278418
7582.851897423879,49.05518958625661
7583.85187789301,36.02588296456541
7584.851858362142,43.867897391761446
7585.851838831273,33.74245800817732
7586.851819300405,10.718855601438213
7587.851799769536,93.36572311815095
7588.851780238668,81.06615860415475
7589.851760707799,42.98677141815433
7590.851741176931,26.86892484768139
7591.851721646062,19.445924875755402
7592.851702115194,42.80036571564182
7593.851682584325,16.357279387347116
7594.851663053456,77.08445518424139
7595.851643522587,52.002223003285955
7596.851623991719,45.95412909132547
7597.8516044608505,41.66001850248473
7598.851584929982,20.968301765416072
7599.8515653991135,59.06412307316793
7600.851545868245,46.81145451662083
7601.8515263373765,85.329822617607
7602.851506806508,25.50431688122743
7603.85148727564,48.991854789022995
7604.851467744771,82.15598597010397
7605.851448213903,43.257422120850066
7606.851428683034,63.87373092136117
7607.851409152166,18.75410250186948
7608.851389621297,55.914322879310475
7609.851370090429,65.64052633376289
7610.85135055956,17.03977236828807
7611.851331028691,23.893882735440698
7612.851311497822,35.94871869386568
7613.851291966954,93.0766819761271
7614.851272436085,50.82835413420149
7615.851252905217,11.41138559684803
7616.851233374348,70.87982338895249
7617.85121384348,22.422134226126182
7618.851194312611,15.225378487347381
7619.851174781743,46.54767340213344
7620.851155250874,46.34950778221133
7621.851135720006,13.559754334950737
7622.851116189137,72.773974980047
7623.851096658269,25.82860411604395
7624.8510771274005,9.70716410125645
7625.851057596532,28.631801752848954
7626.8510380656635,14.465298450511616
7627.851018534795,50.48588433338896
7628.8509990039265,48.70732373836137
7629.850979473057,11.94706422610027
7630.850959942189,22.822982855083705
7631.85094041132,38.48914399972852
7632.850920880452,44.336677600587564
7633.850901349583,28.02107846747173
7634.850881818715,51.9653865458588
7635.850862287846,55.41907570912953
7636.850842756978,7.407981520360987
7637.850823226109,68.99275902220744
7638.850803695241,31.120544276393904
7639.850784164372,14.465902094141176
7640.850764633504,72.34319700738514
7641.850745102635,47.11709092988284
7642.850725571767,33.28286443153468
7643.850706040898,29.475136328171097
7644.85068651003,50.654270112186744
7645.850666979161,37.35198464741719
7646.850647448292,25.417554959639805
7647.8506279174235,19.78759899621611
7648.850608386555,19.09333813429574
7649.8505888556865,18.05983241425423
7650.850569324818,41.878918494943235
7651.8505497939495,3.9908838276865746
7652.850530263081,51.959618249892046
7653.850510732213,24.032814732317355
7654.850491201344,82.0849735548383
7655.850471670476,22.108338561112657
7656.850452139607,9.189315849114278
7657.850432608739,43.73655025995012
7658.85041307787,74.0896360525581
7659.850393547002,46.124683175898454
7660.850374016133,113.0245957259878
7661.850354485265,34.18450855238178
7662.850334954396,33.01931471435165
7663.850315423527,34.15474173269579
7664.850295892658,8.452680834958333
7665.85027636179,77.65706787977741
7666.850256830921,124.31718766134522
7667.850237300053,173.75571379812334
7668.850217769184,88.13801611214457
7669.850198238316,18.878660354875233
7670.850178707447,76.64122977633299
7671.850159176579,51.28779202325962
7672.85013964571,86.00117276329016
7673.850120114842,57.24962954072353
7674.8501005839735,62.82883271617899
7675.850081053105,52.12280940785696
7676.8500615222365,25.06463154322982
7677.850041991368,44.91801614085081
7678.8500224604995,35.360234902334085
7679.850002929631,38.77700305388076
7680.849983398763,37.761303361007954
7681.849963867893,53.345094351934975
7682.849944337025,25.44092852650647
7683.849924806156,15.301745063457895
7684.849905275288,30.833293849850573
7685.849885744419,48.58511597329723
7686.849866213551,44.42159580876531
7687.849846682682,14.804088992952252
7688.849827151814,98.6345982304181
7689.849807620945,33.45168496059938
7690.849788090077,42.131324581676466
7691.849768559208,82.75834733248341
7692.84974902834,54.70230390650857
7693.849729497471,68.77708840245018
7694.849709966603,62.699664491996195
7695.849690435734,103.40561072539066
7696.849670904866,91.4133418122825
7697.849651373997,10.6084837308319
7698.849631843128,89.57713861062867
7699.8496123122595,32.020480540623495
7700.849592781391,2.2850150433938117
7701.849573250523,72.77877728051251
7702.849553719654,27.866512078749672
7703.849534188786,59.23759402335845
7704.849514657917,30.54832374301881
7705.849495127049,14.408560357471908
7706.84947559618,60.70857418402655
7707.849456065312,90.65212527928288
7708.849436534443,83.66297981725312
7709.849417003575,14.352096501791754
7710.849397472706,77.78767250740836
7711.849377941838,24.061096951883563
7712.849358410969,38.08241713133454
7713.849338880101,108.65790812838415
7714.849319349232,44.27351152120967
7715.849299818363,64.50981964941485
7716.849280287494,92.58386827655453
7717.849260756626,22.59155387980095
7718.849241225757,65.10078146674222
7719.849221694889,36.86209947198343
7720.84920216402,58.20788575380746
7721.849182633152,32.881481397422775
7722.8491631022835,52.25949472986418
7723.849143571415,90.62054675707269
7724.8491240405465,47.613656112706444
7725.849104509678,6.496823850251936
7726.8490849788095,67.72124383382746
7727.849065447941,34.712068987098185
7728.8490459170725,6.848312792257264
7729.849026386204,4.942917378433413
7730.849006855336,12.104024864535718
7731.848987324467,25.832238654974898
7732.848967793599,5.905234461616717
7733.848948262729,26.50473297108979
7734.848928731861,33.78190221333668
7735.848909200992,48.962878071240354
7736.848889670124,37.793548109043556
7737.848870139255,55.76168786628726
7738.848850608387,46.358178567270905
7739.848831077518,20.43911888907691
7740.84881154665,39.5033725915778
7741.848792015781,24.657816270681145
7742.848772484913,39.505242413686844
7743.848752954044,25.938527705480634
7744.848733423176,26.63395755328158
7745.848713892307,10.76848045026296
7746.848694361439,27.875472224556127
7747.84867483057,30.27933885155905
7748.848655299702,19.79754850670124
7749.848635768833,22.49045005179667
7750.848616237964,34.79681392602285
7751.848596707096,21.921159882151084
7752.848577176227,30.306148302109523
7753.848557645359,40.35351655201317
7754.84853811449,16.459716310834608
7755.848518583622,20.277102348991107
7756.848499052753,16.64643282270035
7757.848479521885,11.870658617129704
7758.848459991016,34.04917065004114
7759.848440460148,30.43587490170524
7760.848420929279,43.38486476458539
7761.848401398411,29.770271492897642
7762.848381867542,19.678454355658925
7763.848362336674,30.80298477075197
7764.848342805805,71.56513547129126
7765.848323274937,15.620702072136549
7766.848303744068,24.109703462679807
7767.848284213199,31.118896396591435
7768.84826468233,29.98362110248873
7769.848245151462,68.45481932958346
7770.848225620593,48.52777071757585
7771.848206089725,33.68047521853661
7772.8481865588565,37.30159681623441
7773.848167027988,15.207709644879122
7774.8481474971195,17.555033135550094
7775.848127966251,17.479255069400107
7776.8481084353825,35.748258535392694
7777.848088904514,12.062999108890558
7778.848069373646,20.725167476348066
7779.848049842777,68.54259452941973
7780.848030311909,18.007296608472853
7781.84801078104,46.00159265233697
7782.847991250172,39.25385299126639
7783.847971719303,31.059792739344086
7784.847952188434,11.827698555956593
7785.847932657565,24.2234499920539
7786.847913126697,100.96804601548372
7787.847893595828,82.96669382877754
7788.84787406496,62.36864273310621
7789.847854534091,15.447964846482542
7790.847835003223,62.981533694408405
7791.847815472354,15.593395420633922
7792.847795941486,21.42818165569904
7793.847776410617,31.898091625667977
7794.847756879749,51.712398583984935
7795.84773734888,63.244819295556205
7796.847717818012,52.20703374139327
7797.847698287143,15.200850603181335
7798.847678756275,46.131535339866815
7799.8476592254065,141.86432524166878
7800.847639694538,73.50336590229853
7801.8476201636695,38.150298404369906
7802.8476006328,67.97356694604561
7803.847581101932,64.60884047039652
7804.847561571063,43.53213881657086
7805.847542040195,25.090277644134364
7806.847522509326,44.50761068754048
7807.847502978458,16.627869406316776
7808.847483447589,61.85140778140903
7809.847463916721,11.570944524581867
7810.847444385852,61.97687564826118
7811.847424854984,47.15451938440699
7812.847405324115,23.27524973621114
7813.847385793247,31.908114158187566
7814.847366262378,35.74645224271631
7815.84734673151,19.486049597361262
7816.847327200641,58.729251550999116
7817.847307669773,20.532194131064543
7818.847288138904,20.156114997971123
7819.847268608035,6.5917773618669475
7820.847249077166,75.56795510693313
7821.847229546298,17.87888446274662
7822.8472100154295,21.391618360623525
7823.847190484561,42.249852224083725
7824.8471709536925,22.701522424961215
7825.847151422824,21.162553564972498
7826.8471318919555,35.30043730342191
7827.847112361087,40.88730743964292
7828.847092830219,13.562006489005675
7829.84707329935,53.17200401964624
7830.847053768482,35.3166531421301
7831.847034237613,53.449692261577916
7832.847014706745,44.58353488597279
7833.846995175876,52.698328676383476
7834.846975645008,31.10555005971089
7835.846956114139,20.017738317025607
7836.84693658327,41.88391117606581
7837.846917052401,28.735249687442575
7838.846897521533,43.15852867446493
7839.846877990664,60.34167795331635
7840.846858459796,16.202315900685086
7841.846838928927,42.608611311222326
7842.846819398059,32.37528400078486
7843.84679986719,52.35567396182672
7844.846780336322,39.98756286018456
7845.846760805453,19.229357999963938
7846.846741274585,59.96989128762445
7847.846721743716,28.286397829183354
7848.846702212848,28.18379533728187
7849.8466826819795,15.645076614577091
7850.846663151111,12.003976683289077
7851.8466436202425,46.864011684110935
7852.846624089374,10.189840962212951
7853.8466045585055,41.1994465433893
7854.846585027636,47.214208140327884
7855.846565496768,32.05746661466084
7856.846545965899,32.56852657425599
7857.846526435031,47.224902478738066
7858.846506904162,35.5347563475285
7859.846487373294,6.872350492319546
7860.846467842425,27.14333624266568
7861.846448311557,69.65877132716908
7862.846428780688,28.009808604550496
7863.84640924982,20.12882546022163
7864.846389718951,11.438032886619613
7865.846370188083,38.47328029050102
7866.846350657214,63.07868082758591
7867.846331126346,63.33653115730529
7868.846311595477,42.81358624730564
7869.846292064609,49.35329961282951
7870.84627253374,65.64177062485997
7871.846253002871,9.031963871321107
7872.8462334720025,16.030089479654233
7873.846213941134,42.32328358935019
7874.8461944102655,32.7769781737145
7875.846174879397,26.481965382598833
7876.846155348529,33.83066176803431
7877.84613581766,41.30288234218527
7878.846116286792,22.388977741408066
7879.846096755923,41.501167670831684
7880.846077225055,22.435708978936823
7881.846057694186,6.219827479450706
7882.846038163318,26.99567689279146
7883.846018632449,42.31865572877418
7884.845999101581,43.6051812716655
7885.845979570712,18.039161426706258
7886.845960039844,78.24119179062089
7887.845940508975,78.83668437001535
7888.845920978106,29.187551117475838
7889.845901447237,65.09259390129974
7890.845881916369,62.47182775450828
7891.8458623855,15.901291857318236
7892.845842854632,30.901748594261164
7893.845823323763,21.91408648734423
7894.845803792895,44.135387986683384
7895.845784262026,36.5433475521513
7896.845764731158,44.59419144439394
7897.8457452002895,17.4449776495022
7898.845725669421,57.628899885586904
7899.8457061385525,45.692255760858025
7900.845686607684,35.74670586436598
7901.8456670768155,14.08777803251128
7902.845647545947,67.7022888229013
7903.845628015079,50.78365717754924
7904.84560848421,38.088526499863406
7905.845588953342,57.783442741838876
7906.845569422472,60.250957465675356
7907.845549891604,13.123734236451531
7908.845530360735,30.059213575547858
7909.845510829867,68.9556225836105
7910.845491298998,31.500735071191357
7911.84547176813,22.429944091807002
7912.845452237261,50.3738644234995
7913.845432706393,25.65950558928438
7914.845413175524,65.95718226160915
7915.845393644656,36.540963276704765
7916.845374113787,20.417770809720096
7917.845354582919,70.88216281474662
7918.84533505205,46.55636586617467
7919.845315521182,44.50109952195084
7920.845295990313,80.42133183642167
7921.845276459445,104.59286405934262
7922.845256928576,33.41786548590033
7923.845237397707,32.619919544063094
7924.8452178668385,29.175183824770414
7925.84519833597,26.444385863321354
7926.845178805102,68.26302222180662
7927.845159274233,36.05835663431555
7928.845139743365,10.004383929769997
7929.845120212496,15.42148384772579
7930.845100681628,28.201673890232872
7931.845081150759,11.756188141773217
7932.845061619891,36.68617724905358
7933.845042089022,51.850618658653126
7934.845022558154,31.630446816718027
7935.845003027285,53.78441767113057
7936.844983496417,71.66995281756314
7937.844963965548,83.59283723551917
7938.84494443468,60.88195185286993
7939.844924903811,26.909199215774247
7940.844905372942,45.02981991186523
7941.844885842073,30.718060066560056
7942.844866311205,15.287533940444654
7943.844846780336,43.18973865454611
7944.844827249468,24.070291726373778
7945.844807718599,57.70044144992046
7946.844788187731,58.18538488132353
7947.8447686568625,25.658928001474465
7948.844749125994,18.621411225801314
7949.8447295951255,43.627014564885094
7950.844710064257,42.44932963791142
7951.8446905333885,65.40363880556525
7952.84467100252,92.81521279511895
7953.844651471652,77.15390005292004
7954.844631940783,53.61578908855339
7955.844612409915,56.65118286865015
7956.844592879046,30.673523691155623
7957.844573348178,45.66892747971349
7958.844553817308,56.88822465085083
7959.84453428644,8.299133259214772
7960.844514755571,67.8884569670363
7961.844495224703,59.11743506816186
7962.844475693834,27.512605123502713
7963.844456162966,35.2381876217465
7964.844436632097,87.96164899472718
7965.844417101229,60.5571098108204
7966.84439757036,19.19841024429374
7967.844378039492,157.37733934663365
7968.844358508623,88.11634241787434
7969.844338977755,87.01482252584535
7970.844319446886,36.558140337040555
7971.844299916018,43.221924453009905
7972.844280385149,62.91510874916002
7973.844260854281,74.73043366146499
7974.8442413234125,59.913850182669805
7975.844221792543,79.8140760208192
7976.844202261675,77.16003422803135
7977.844182730806,12.990215923867783
7978.844163199938,34.55410703130098
7979.844143669069,145.40777429892148
7980.844124138201,142.3140538655531
7981.844104607332,144.4869197346906
7982.844085076464,29.400323334320408
7983.844065545595,9.480681402382285
7984.844046014727,67.36035550442017
7985.844026483858,50.36894289884851
7986.84400695299,53.680728566908286
7987.843987422121,34.21313634636644
7988.843967891253,9.918337372634637
7989.843948360384,65.2670996908222
7990.843928829516,76.5110156240618
7991.843909298647,63.6244513339878
7992.843889767778,61.18948485718066
7993.843870236909,19.821964121715247
7994.843850706041,69.71632015463561
7995.843831175172,48.44777830430998
7996.843811644304,62.91452245006229
7997.8437921134355,63.10978335008706
7998.843772582567,110.42805695660044
7999.8437530516985,48.85996580159841
8000.84373352083,45.50932047047019
8001.8437139899615,55.00562586220378
8002.843694459093,35.751344145168396
8003.843674928225,6.4209155911163265
8004.843655397356,63.7938607386034
8005.843635866488,12.58921357660589
8006.843616335619,19.87904486814072
8007.843596804751,7.85608135610049
8008.843577273882,18.42073592358622
8009.843557743014,18.33372827657158
8010.843538212144,19.410295941980195
8011.843518681276,26.564288333046594
8012.843499150407,34.94650172559383
8013.843479619539,21.323910447681964
8014.84346008867,57.36398759044833
8015.843440557802,12.817837648940632
8016.843421026933,107.74324772796564
8017.843401496065,40.34560802596324
8018.843381965196,37.422537780149916
8019.843362434328,42.70271695022917
8020.843342903459,54.14324710254288
8021.843323372591,72.33820287341423
8022.843303841722,54.11872848987333
8023.843284310854,11.04444609068589
8024.8432647799855,13.887775643902977
8025.843245249117,60.23239019332666
8026.8432257182485,63.53453386493724
8027.843206187379,62.63721795585734
8028.843186656511,77.90343922601197
8029.843167125642,25.039134987050517
8030.843147594774,89.1824361612719
8031.843128063905,19.626984885096608
8032.843108533037,63.192416045212454
8033.843089002168,90.61954851996163
8034.8430694713,38.75026832731423
8035.843049940431,148.40592085214874
8036.843030409563,41.28812623715332
8037.843010878694,97.82763952347148
8038.842991347826,55.111580983920994
8039.842971816957,91.62197103289839
8040.842952286089,29.30094747708165
8041.84293275522,10.526929651752098
8042.842913224352,68.20922326998574
8043.842893693483,32.21977998547883
8044.842874162614,65.31684072660362
8045.8428546317455,27.841647763864643
8046.842835100877,122.39131781200192
8047.8428155700085,57.47028958330373
8048.84279603914,105.18274131371909
8049.8427765082715,19.1351318729091
8050.842756977403,42.209329283585284
8051.842737446535,39.61006128739324
8052.842717915666,45.48292405235675
8053.842698384798,30.245442512395126
8054.842678853929,52.64075903876556
8055.842659323061,36.20448448505514
8056.842639792192,22.922155230951798
8057.842620261324,51.32393506968862
8058.842600730455,58.704144847995586
8059.842581199587,82.55811994098337
8060.842561668718,94.02733081925514
8061.84254213785,7.433035868764475
8062.84252260698,32.28900741431341
8063.842503076112,74.00930432242951
8064.842483545243,56.270595022063716
8065.842464014375,35.72308504528591
8066.842444483506,41.16051875791746
8067.842424952638,36.38527529714338
8068.842405421769,25.313666424297526
8069.842385890901,18.178427333032033
8070.842366360032,60.37787073499417
8071.842346829164,26.768724450191932
8072.8423272982955,106.16044159995069
8073.842307767427,7.360073291581608
8074.8422882365585,47.96446163033907
8075.84226870569,41.26641529464073
8076.8422491748215,21.183391408227067
8077.842229643953,15.718626044789703
8078.842210113085,54.73695352393456
8079.842190582215,33.59235990657419
8080.842171051347,61.16746360158363
8081.842151520478,48.454789196116955
8082.84213198961,46.028552569232595
8083.842112458741,30.898522141673045
8084.842092927873,29.11820630777583
8085.842073397004,28.933358680761227
8086.842053866136,35.00336981261821
8087.842034335267,82.15208655023734
8088.842014804399,55.97977641034734
8089.84199527353,57.42532700493397
8090.841975742662,72.12583792700332
8091.841956211793,0.9658771207888702
8092.841936680925,67.1888599792331
8093.841917150056,15.79093006853548
8094.841897619188,16.39775107217096
8095.841878088319,15.76793183424059
8096.84185855745,51.58237330093132
8097.8418390265815,34.41140613844004
8098.841819495713,43.222758055347605
8099.8417999648445,37.121512368758204
8100.841780433976,23.242515680098442
8101.841760903108,1.5828710401958657
8102.841741372239,46.056448699843834
8103.841721841371,4.86470676815712
8104.841702310502,62.59901093660095
8105.841682779634,54.883444256630085
8106.841663248765,41.35468010953531
8107.841643717897,48.13503927451727
8108.841624187028,30.773621272576026
8109.84160465616,3.8156367861770795
8110.841585125291,27.91729758490874
8111.841565594423,32.33497768348384
8112.841546063554,38.72043420063447
8113.841526532686,45.356990337208686
8114.841507001816,22.773105800331628
8115.841487470948,57.367831743874675
8116.841467940079,36.427348470791664
8117.841448409211,66.95081333683959
8118.841428878342,46.644419661583456
8119.841409347474,100.6386229426857
8120.841389816605,38.62834863910236
8121.841370285737,40.907896285825146
8122.8413507548685,102.0117920019192
8123.841331224,23.631168277027292
8124.8413116931315,86.84793624393942
8125.841292162263,97.90788519295506
8126.8412726313945,107.47179779824661
8127.841253100526,77.25068428392699
8128.841233569658,22.58872837508342
8129.841214038789,123.11367081567033
8130.841194507921,72.09516277944236
8131.841174977051,106.59530187158352
8132.841155446183,85.36377807709027
8133.841135915314,68.02027523124396
8134.841116384446,48.30745589716621
8135.841096853577,110.15364334245646
8136.841077322709,9.737627084237573
8137.84105779184,6.751194773150856
8138.841038260972,40.67677552111957
8139.841018730103,7.829836804956641
8140.840999199235,39.038070327032116
8141.840979668366,44.671997277791434
8142.840960137498,72.90077195264666
8143.840940606629,29.915571082589175
8144.840921075761,51.94119104042533
8145.840901544892,48.80955555451958
8146.840882014024,51.670041087863645
8147.840862483155,36.209632413472285
8148.840842952286,66.6035606163679
8149.840823421418,77.70595219578799
8150.840803890549,54.00637097132991
8151.840784359681,19.7519007441738
8152.840764828812,12.387383842378519
8153.840745297944,29.889708114560467
8154.840725767075,44.862017448692065
8155.840706236207,42.43582447541315
8156.840686705338,62.17656469585494
8157.84066717447,81.22082438150085
8158.840647643601,52.36337168432212
8159.840628112733,82.58670330402445
8160.840608581864,45.30327100485667
8161.840589050996,57.799330887162334
8162.840569520127,33.92091401993512
8163.840549989259,33.51781857817167
8164.84053045839,49.75503998366713
8165.840510927522,84.48718137896864
8166.840491396652,61.120168758360826
8167.840471865784,54.98601319608326
8168.840452334915,99.29136437578833
8169.840432804047,77.10049440980228
8170.8404132731785,100.48175086963771
8171.84039374231,65.20533235710508
8172.8403742114415,58.21611054960246
8173.840354680573,84.25132497259465
8174.8403351497045,91.84197891979017
8175.840315618836,111.97760872564851
8176.8402960879675,39.380728001091015
8177.840276557099,30.82513883677816
8178.840257026231,52.10618053404654
8179.840237495362,75.34767083725073
8180.840217964494,60.09840721922236
8181.840198433625,7.366613876590536
8182.840178902757,66.86869772540976
8183.840159371887,22.4211522481059
8184.840139841019,35.704078499246826
8185.84012031015,46.326563546106186
8186.840100779282,73.82514273777241
8187.840081248413,22.983296594258203
8188.840061717545,57.2399681326978
8189.840042186676,51.342771262820335
8190.840022655808,42.284504547950995
8191.840003124939,39.18112717605667
8192.83998359407,51.351698992177056
8193.839964063201,58.895601975444414
8194.839944532334,14.678250221046573
8195.839925001465,26.50999637560185
8196.839905470597,31.547033123583244
8197.839885939728,43.23686888588204
8198.83986640886,28.661705120078437
8199.83984687799,57.073777493775836
8200.839827347123,42.89306609747771
8201.839807816254,27.51556454661331
8202.839788285386,60.65643928727141
8203.839768754517,2.6056268966347607
8204.839749223649,37.37524657746056
8205.83972969278,38.36206488743345
8206.839710161912,19.062481510941804
8207.839690631043,81.97788819386831
8208.839671100175,78.83045263273058
8209.839651569306,3.685047417428048
8210.839632038436,41.33698737497653
8211.839612507569,57.530114449237
8212.8395929767,40.741082523224655
8213.839573445832,29.09989198846657
8214.839553914962,9.221773869451344
8215.839534384095,16.975423001603634
8216.839514853225,46.41930479819125
8217.839495322358,30.135860142237576
8218.839475791488,15.337411537856244
8219.83945626062,48.26548270516844
8220.839436729751,69.38315559607176
8221.839417198884,25.568863861407834
8222.839397668014,10.522208225529452
8223.839378137147,15.62550549691453
8224.839358606278,47.69134733520644
8225.83933907541,33.2022086370923
8226.83931954454,16.065482621590732
8227.839300013671,63.509712857343196
8228.839280482804,77.0458126505994
8229.839260951934,52.08576059114351
8230.839241421067,66.09807640238381
8231.839221890197,21.189510822232965
8232.83920235933,84.74084347409456
8233.83918282846,55.01786074488771
8234.839163297593,39.88627912486357
8235.839143766723,56.4254944212995
8236.839124235856,58.65616807841525
8237.839104704986,50.0248805972204
8238.839085174119,18.726254172091593
8239.83906564325,19.871595456537204
8240.839046112382,24.917373710177955
8241.839026581512,28.537739599311642
8242.839007050645,65.61130234643788
8243.838987519775,28.989237728060363
8244.838967988906,26.709338058204484
8245.838948458038,24.412902512729545
8246.838928927169,38.80374279680199
8247.838909396301,30.578924946225506
8248.838889865432,65.92009267662172
8249.838870334564,41.1287141434204
8250.838850803695,39.14005425405607
8251.838831272828,10.594443829923316
8252.838811741958,43.112294006046376
8253.83879221109,69.3937321481194
8254.838772680221,57.10698706369752
8255.838753149354,21.68218054152603
8256.838733618484,26.79650887845236
8257.838714087617,43.1708032074889
8258.838694556747,38.43003119475044
8259.83867502588,25.97233361917178
8260.83865549501,34.63718830351263
8261.83863596414,74.87590178641496
8262.838616433273,49.18526619149276
8263.838596902404,76.40360791278087
8264.838577371536,44.803067807820504
8265.838557840667,23.541024260703526
8266.8385383098,41.787428558699716
8267.83851877893,22.179472912859417
8268.838499248062,68.18627190677238
8269.838479717193,59.73059459996797
8270.838460186325,50.91647374208004
8271.838440655456,42.42154580800362
8272.838421124588,37.06034642283786
8273.838401593719,43.442537278295795
8274.838382062851,42.33688203468728
8275.838362531982,28.12196673574326
8276.838343001114,64.13046636264804
8277.838323470245,24.892351897142014
8278.838303939376,22.686531632290283
8279.838284408508,55.94601061352768
8280.838264877639,39.8250475411223
8281.838245346771,67.58774927890919
8282.838225815902,121.72842327847772
8283.838206285034,24.869162571054776
8284.838186754165,90.71857147547593
8285.838167223297,60.37216700097514
8286.838147692428,62.76511775009965
8287.83812816156,17.81185944254207
8288.83810863069,19.06163806087103
8289.838089099823,15.572953587356507
8290.838069568954,23.287472496083467
8291.838050038086,9.117473465836513
8292.838030507217,59.21564793569992
8293.83801097635,41.05946845727725
8294.83799144548,80.63395087778514
8295.83797191461,18.56253850207197
8296.837952383743,94.67895729455947
8297.837932852874,66.83868809489884
8298.837913322006,16.443368618551215
8299.837893791137,14.694272427564698
8300.837874260269,13.538048570279091
8301.8378547294,19.322750112426068
8302.837835198532,71.21147389604064
8303.837815667663,52.952286321025504
8304.837796136795,36.541495716253316
8305.837776605926,41.943449044526
8306.837757075058,69.42738562671207
8307.837737544189,43.3460473634303
8308.837718013321,5.739410628035109
8309.837698482452,11.171037424096909
8310.837678951584,40.03323415523632
8311.837659420715,54.941503176775
8312.837639889847,29.56023404213035
8313.837620358978,101.1410018897028
8314.837600828108,10.972341867132231
8315.83758129724,29.16210082494015
8316.837561766371,44.44595390998063
8317.837542235504,56.98091617467572
8318.837522704634,22.298945647287965
8319.837503173767,75.7567183213547
8320.837483642897,85.66334725172788
8321.83746411203,19.733741385660966
8322.83744458116,30.297268183204704
8323.837425050293,30.250166980120337
8324.837405519424,78.25736969256546
8325.837385988556,53.73702421616292
8326.837366457687,93.42992835427133
8327.837346926819,65.6644321375281
8328.83732739595,44.22998225626803
8329.837307865082,60.422013025113365
8330.837288334213,5.1221524979272015
8331.837268803343,31.28132256082047
8332.837249272476,22.743062019609027
8333.837229741606,8.105740035116398
8334.837210210739,78.06290024424489
8335.83719067987,71.98597525933096
8336.837171149002,33.629838849070524
8337.837151618132,14.542117202708242
8338.837132087265,50.71029112996052
8339.837112556395,101.46796878012039
8340.837093025528,72.5355782190673
8341.837073494658,44.358865738020505
8342.83705396379,35.8890314203152
8343.837034432921,32.75341993277693
8344.837014902054,32.608002671494546
8345.836995371184,59.898097606555865
8346.836975840317,35.09767491645011
8347.836956309447,39.643822122939504
8348.836936778578,28.35308066704658
8349.83691724771,14.477613687780545
8350.836897716841,40.42878592753964
8351.836878185974,27.792128771987056
8352.836858655104,32.19559132598104
8353.836839124237,6.610534031055041
8354.836819593367,13.742449226886475
8355.8368000625,45.996766348998875
8356.83678053163,14.472887997768028
8357.836761000763,47.226850083468214
8358.836741469893,8.087702914425519
8359.836721939026,49.85348943974135
8360.836702408156,29.001866831483213
8361.836682877289,36.30365161549978
8362.83666334642,47.25934086417236
8363.836643815552,66.79869573339714
8364.836624284682,84.69089330086136
8365.836604753813,37.53249943301692
8366.836585222945,27.261229634454573
8367.836565692076,56.60572668985248
8368.836546161208,54.47388320733526
8369.836526630339,83.54204091308668
8370.836507099471,35.19701328641625
8371.836487568602,35.67412667348613
8372.836468037734,40.99102565685592
8373.836448506865,42.97890617573657
8374.836428975997,72.8870553520684
8375.836409445128,4.766246413796584
8376.83638991426,19.94142925334282
8377.836370383391,96.5382192684136
8378.836350852524,32.66943107078723
8379.836331321654,44.69126776952547
8380.836311790787,5.2210075345094475
8381.836292259917,45.95009190707072
8382.836272729048,46.899137239228416
8383.83625319818,26.256491736602925
8384.83623366731,66.11673535581782
8385.836214136443,40.43228917883367
8386.836194605574,26.97042337809642
8387.836175074706,39.93696402941922
8388.836155543837,3.344355694183042
8389.83613601297,35.22326605682168
8390.8361164821,67.53689671096708
8391.836096951232,24.298827403398313
8392.836077420363,23.42767821256743
8393.836057889495,51.36220996242634
8394.836038358626,29.267375891262194
8395.836018827758,43.01661877839057
8396.835999296889,59.0928694870292
8397.835979766021,28.29777951504004
8398.835960235152,14.389234176612378
8399.835940704283,7.894577985961383
8400.835921173415,34.099229268502334
8401.835901642546,63.22467081333953
8402.835882111678,35.3056195432463
8403.835862580809,21.629468429288323
8404.835843049941,36.50656227471887
8405.835823519072,10.401625510441368
8406.835803988204,51.462919472626446
8407.835784457335,59.615801551955414
8408.835764926467,52.13238712694363
8409.835745395598,77.39387906275876
8410.83572586473,47.62221268672939
8411.83570633386,45.268492476399935
8412.835686802993,51.064633777302014
8413.835667272124,70.58077184599273
8414.835647741256,52.725745806590695
8415.835628210387,28.303178470988243
8416.83560867952,16.73698139940663
8417.83558914865,47.51805251271656
8418.83556961778,36.98094439394367
8419.835550086913,35.12672746316274
8420.835530556044,26.540744314856592
8421.835511025176,48.90041486012952
8422.835491494307,101.97451115695557
8423.835471963439,112.3015141247795
8424.83545243257,72.16989176940571
8425.835432901702,15.965474352616186
8426.835413370833,62.01981301151396
8427.835393839965,31.32001245944793
8428.835374309096,100.64869714205172
8429.835354778228,52.54388873513521
8430.835335247359,84.51671303066547
8431.835315716491,40.6464662396527
8432.835296185622,63.35155519470976
8433.835276654754,17.230893664175344
8434.835257123885,51.090846191371085
8435.835237593015,81.80840040373022
8436.835218062148,43.537693509941604
8437.835198531278,97.04333838069932
8438.83517900041,38.054927002408505
8439.835159469541,30.204377976947296
8440.835139938674,53.648984615126494
8441.835120407804,34.00420315320165
8442.835100876937,39.81438945070431
8443.835081346067,99.251749606396
8444.8350618152,60.97572111548968
8445.83504228433,30.462253747813694
8446.835022753463,63.33559322796001
8447.835003222594,106.22930981424123
8448.834983691726,47.16725660561599
8449.834964160857,14.891384180168307
8450.834944629989,111.30291537826672
8451.83492509912,28.95185203130569
8452.83490556825,18.590737115727382
8453.834886037383,141.78407659633822
8454.834866506513,91.3523219582024
8455.834846975646,107.64584365082791
8456.834827444776,34.7427729134933
8457.834807913909,70.23017962436299
8458.83478838304,98.93486163726797
8459.834768852172,84.3922698485594
8460.834749321302,95.75182609441013
8461.834729790435,106.90348796320646
8462.834710259565,52.02412821284666
8463.834690728698,51.12711103282922
8464.834671197828,55.005657850526056
8465.83465166696,60.943863694199166
8466.834632136091,80.30684537976884
8467.834612605224,193.9793486447347
8468.834593074354,135.85054515862956
8469.834573543485,141.96835460184653
8470.834554012617,56.791271115713236
8471.834534481748,152.18751930914053
8472.83451495088,108.17454676706382
8473.834495420011,71.69146923121026
8474.834475889144,35.80366865133589
8475.834456358274,43.75561959832778
8476.834436827407,73.30839486316523
8477.834417296537,33.569980393411896
8478.83439776567,76.29149664730451
8479.8343782348,13.198362016207202
8480.834358703933,30.372118421990894
8481.834339173063,45.87566540855548
8482.834319642196,29.719256545050225
8483.834300111326,48.71467088863416
8484.834280580459,59.84967894391678
8485.83426104959,53.75865519924249
8486.83424151872,28.261102725398207
8487.834221987852,16.909942170395418
8488.834202456983,43.27650754027871
8489.834182926115,32.18156527291523
8490.834163395246,55.215404908176
8491.834143864378,52.00404163309856
8492.834124333509,27.438050501328366
8493.834104802641,44.72412553752734
8494.834085271772,41.632864191522096
8495.834065740904,27.080593748749852
8496.834046210035,71.9146484230096
8497.834026679167,19.21303181051901
8498.834007148298,48.15202627393622
8499.83398761743,23.99389920265939
8500.833968086561,19.232025245495883
8501.833948555693,27.2040620835717
8502.833929024824,12.347535979942476
8503.833909493955,34.16739259297919
8504.833889963087,86.62746486344516
8505.833870432218,35.66784225245977
8506.83385090135,20.22997727698677
8507.83383137048,32.931405433957046
8508.833811839613,69.65509459770139
8509.833792308744,34.878705877330965
8510.833772777876,14.596690287851528
8511.833753247007,55.07486977354365
8512.83373371614,41.541152713118606
8513.83371418527,126.67895167445464
8514.833694654402,23.09223571212096
8515.833675123533,44.395421229350426
8516.833655592665,87.15643654891215
8517.833636061796,78.13948949707508
8518.833616530928,73.39426435023275
8519.833597000059,57.79136872276096
8520.833577469191,78.90652659658359
8521.833557938322,14.064286507280176
8522.833538407453,26.85104165082627
8523.833518876585,37.286579394619395
8524.833499345716,18.39421160826375
8525.833479814848,49.299491245506054
8526.833460283979,34.15769448019534
8527.833440753111,87.4195912422094
8528.833421222242,45.039125890222294
8529.833401691374,26.706870616082014
8530.833382160505,44.3571916996258
8531.833362629637,38.814099972366776
8532.833343098768,79.98736899188911
8533.8333235679,40.872280366891985
8534.83330403703,58.421957896812046
8535.833284506163,35.03522651198154
8536.833264975294,58.11299234100522
8537.833245444426,22.143719446483274
8538.833225913557,39.43176383347985
8539.833206382687,95.88184163768969
8540.83318685182,54.37543631316078
8541.83316732095,38.93394154617936
8542.833147790083,56.11596118109287
8543.833128259213,55.14061328744133
8544.833108728346,43.61321142563747
8545.833089197477,25.35450550289266
8546.833069666609,39.692858247586706
8547.83305013574,16.77267345316979
8548.833030604872,39.49533100621066
8549.833011074003,11.103024494159218
8550.832991543135,35.83414935399306
8551.832972012266,15.462194064085306
8552.832952481398,30.477865264815378
8553.832932950529,9.707337620961955
8554.832913419661,17.221129290995172
8555.832893888792,5.573104660057544
8556.832874357922,51.590389259632545
8557.832854827055,13.379816661804318
8558.832835296185,5.536604133421893
8559.832815765318,38.4506705257446
8560.832796234448,31.34148723215983
8561.83277670358,27.280730074350796
8562.832757172711,61.71591454610784
8563.832737641844,40.77614498603075
8564.832718110974,30.27687176550418
8565.832698580107,18.30722631204405
8566.832679049237,10.361710560336247
8567.83265951837,31.14626006220546
8568.8326399875,2.715909711467445
8569.832620456633,46.48051574320131
8570.832600925763,7.245432482427299
8571.832581394896,42.26068048598599
8572.832561864027,25.93930480905054
8573.832542333157,42.290482201278124
8574.83252280229,46.35930370968116
8575.83250327142,74.83003782866322
8576.832483740553,42.08308815335609
8577.832464209683,63.16622180240759
8578.832444678816,22.9715293905148
8579.832425147946,23.497653693758984
8580.832405617079,38.799987675332126
8581.83238608621,46.13794482755135
8582.832366555342,48.276864348960345
8583.832347024472,17.549777914180254
8584.832327493605,43.17254554628775
8585.832307962735,36.90424156564371
8586.832288431868,76.50842977747371
8587.832268900998,53.515447462362964
8588.83224937013,20.212515301066315
8589.832229839261,35.09721929276513
8590.832210308392,60.28884657189222
8591.832190777524,51.46970805524451
8592.832171246655,32.847400369418835
8593.832151715787,16.712028986632276
8594.832132184918,76.11918559101562
8595.83211265405,57.570753012515176
8596.832093123181,8.357494875273115
8597.832073592313,30.183253480116623
8598.832054061444,21.24704467271085
8599.832034530576,19.82212128002394
8600.832014999707,25.428984922043075
8601.83199546884,10.449408638600447
8602.83197593797,8.241115329295546
8603.831956407103,65.33965175181136
8604.831936876233,68.39500267282352
8605.831917345366,11.925505298564293
8606.831897814496,27.804696429700098
8607.831878283627,36.46132915799236
8608.83185875276,27.280521871835568
8609.83183922189,43.223668247453006
8610.831819691022,46.739917654322305
8611.831800160153,35.67707823957019
8612.831780629285,13.205517166141206
8613.831761098416,21.399563960294614
8614.831741567548,41.76574805952045
8615.831722036679,67.37883541135784
8616.831702505811,8.580827183452746
8617.831682974942,7.852881231653587
8618.831663444074,60.70458756519176
8619.831643913205,40.8444940454845
8620.831624382337,28.48386361638318
8621.831604851468,58.29474824972286
8622.8315853206,26.255783268155838
8623.831565789731,23.948901006309164
8624.831546258862,37.36099183765886
8625.831526727994,13.260502104140947
8626.831507197125,28.712657251770853
8627.831487666257,31.590609535606518
8628.831468135388,30.58486764948792
8629.83144860452,47.159760494426415
8630.83142907365,89.94649596794581
8631.831409542783,40.91196477824999
8632.831390011914,28.299136218065993
8633.831370481046,30.128619818720626
8634.831350950177,34.92524912467751
8635.83133141931,10.045093000009189
8636.83131188844,18.262500161704065
8637.831292357572,31.91349679208178
8638.831272826703,64.9526261633226
8639.831253295835,2.677471653550715
8640.831233764966,24.129672769815638
8641.831214234098,13.988138201854218
8642.831194703229,33.90287380803156
8643.83117517236,27.731311972771145
8644.831155641492,86.75211724248263
8645.831136110623,49.139993974826886
8646.831116579755,10.851913776813115
8647.831097048886,14.37473020359697
8648.831077518018,44.96126325824143
8649.831057987149,79.4631254557558
8650.831038456281,82.3518473536772
8651.831018925412,139.83938758105387
8652.830999394544,17.908641938692174
8653.830979863675,35.71318120231421
8654.830960332807,25.532694301580616
8655.830940801938,27.062804290761623
8656.83092127107,31.060653967018006
8657.8309017402,42.31806602601069
8658.830882209333,46.589754466268644
8659.830862678464,19.873833616529332
8660.830843147594,49.92287603050055
8661.830823616727,15.790141975199568
8662.830804085857,12.648709252286315
8663.83078455499,73.45668080375933
8664.83076502412,55.997158197073595
8665.830745493253,51.65179922686305
8666.830725962383,39.69933809131957
8667.830706431516,34.911597634532576
8668.830686900646,49.080772606264674
8669.830667369779,42.058357244392475
8670.83064783891,42.36611429896405
8671.830628308042,60.75319459177332
8672.830608777173,44.954965679019814
8673.830589246305,58.49540582784322
8674.830569715436,94.34675416942173
8675.830550184568,27.544720981332105
8676.830530653699,34.416376675501155
8677.83051112283,103.98855106751273
8678.830491591962,44.373536133944455
8679.830472061092,26.315880489875315
8680.830452530225,117.00118764335546
8681.830432999355,29.67398342814297
8682.830413468488,22.063325642821663
8683.830393937618,11.326426210811842
8684.83037440675,105.88112121825044
8685.830354875881,49.837310357840884
8686.830335345014,87.33642268386453
8687.830315814144,38.87249967947716
8688.830296283277,40.86555472406631
8689.830276752407,5.951807479016422
8690.83025722154,8.368723376717224
8691.83023769067,30.19417588133007
8692.830218159803,83.89608132101253
8693.830198628933,47.44616587824693
8694.830179098064,35.2186162483895
8695.830159567196,55.28084040444522
8696.830140036327,48.01712337905903
8697.83012050546,12.077791116535627
8698.83010097459,49.12029896172407
8699.830081443723,49.52512428312073
8700.830061912853,26.083946627936502
8701.830042381986,49.377734375623966
8702.830022851116,28.28462794893167
8703.830003320249,11.891450568714161
8704.82998378938,2.1103670998355084
8705.829964258512,35.15133801161637
8706.829944727642,27.23463729537501
8707.829925196775,28.47924595148131
8708.829905665905,62.2691685309249
8709.829886135038,63.77499340613603
8710.829866604168,46.00452738415221
8711.829847073299,22.682143148069105
8712.829827542431,41.024322104570075
8713.829808011562,50.59120553460135
8714.829788480694,134.2146079145791
8715.829768949825,85.5387608039764
8716.829749418957,30.61480942969141
8717.829729888088,30.151982666221347
8718.82971035722,58.78131287359354
8719.829690826351,84.95446210311295
8720.829671295483,90.09753972806946
8721.829651764614,17.449684626706503
8722.829632233746,48.85618382121627
8723.829612702877,91.1193589623135
8724.82959317201,31.178257073775548
8725.82957364114,42.03837026449397
8726.829554110273,38.221500456716974
8727.829534579403,7.258821000179607
8728.829515048534,30.879982070505008
8729.829495517666,23.61424419836347
8730.829475986797,64.38896428703626
8731.82945645593,48.58298017562717
8732.82943692506,10.733907299649202
8733.829417394192,46.31969220337546
8734.829397863323,10.504083196707484
8735.829378332455,25.48004270511068
8736.829358801586,20.760545264641678
8737.829339270718,26.1783540056258
8738.829319739849,34.865773806455984
8739.829300208981,18.510883373810632
8740.829280678112,20.797442198827127
8741.829261147244,22.12550146099338
8742.829241616375,51.066707120166846
8743.829222085507,95.19094833030611
8744.829202554638,41.39283921900183
8745.82918302377,59.417773348553304
8746.829163492901,72.59074682321395
8747.829143962032,29.800623242645774
8748.829124431164,45.78646978123292
8749.829104900295,33.02078844791353
8750.829085369427,54.08213984369227
8751.829065838558,48.37983811765461
8752.82904630769,40.57249126670562
8753.82902677682,3.739797026101934
8754.829007245953,78.16817712220602
8755.828987715084,129.33541323081536
8756.828968184216,15.274788602658912
8757.828948653347,73.61581877782795
8758.82892912248,20.978584782733144
8759.82890959161,26.524781130241937
8760.828890060742,45.31046414471786
8761.828870529873,30.265536796396248
8762.828850999005,45.07034454471978
8763.828831468136,49.64656474333986
8764.828811937266,56.64048388902948
8765.828792406399,36.7610430371412
8766.82877287553,39.35492332614151
8767.828753344662,23.347984317763874
8768.828733813792,33.754535958946505
8769.828714282925,40.97922040371074
8770.828694752056,42.702703551225845
8771.828675221188,30.074987526191396
8772.828655690319,16.152354758265222
8773.828636159451,53.98134855375128
8774.828616628582,68.49707531423675
8775.828597097714,98.97992015245188
8776.828577566845,70.42141095803458
8777.828558035977,28.47618823065126
8778.828538505108,31.648523926996475
8779.82851897424,44.02992154305097
8780.82849944337,44.43591636997935
8781.828479912501,30.282647525650003
8782.828460381634,45.580354820046544
8783.828440850764,12.654001662344683
8784.828421319897,19.9476920282593
8785.828401789027,29.00181170410307
8786.82838225816,72.90457848910376
8787.82836272729,19.781529639827085
8788.828343196423,34.40780962046545
8789.828323665553,20.93431464807288
8790.828304134686,41.319124931649725
8791.828284603816,19.47945141616403
8792.828265072949,35.38809048086336
8793.82824554208,31.86018702154302
8794.828226011212,46.09973282486193
8795.828206480342,12.328585681928512
8796.828186949475,20.838671700156855
8797.828167418606,28.047076343706433
8798.828147887736,41.04514193296355
8799.828128356869,70.56372812106011
8800.828108826,48.239678928174335
8801.828089295132,102.4718653749368
8802.828069764262,48.85158604512145
8803.828050233395,28.204756701513716
8804.828030702525,2.1589951177889457
8805.828011171658,53.03434355770838
8806.827991640788,67.91019073091164
8807.82797210992,60.93389924288116
8808.827952579051,21.674685306873027
8809.827933048184,73.27878883732143
8810.827913517314,27.603080745173152
8811.827893986447,71.96417475250921
8812.827874455577,57.688994931297586
8813.82785492471,38.7508387905889
8814.82783539384,7.313223447541218
8815.827815862971,36.18147474011173
8816.827796332103,34.033525013222054
8817.827776801234,23.006671345652876
8818.827757270366,51.22142793460332
8819.827737739497,33.30683226892585
8820.82771820863,17.745629360695748
8821.82769867776,60.46562940226665
8822.827679146892,46.021697193202584
8823.827659616023,47.203345390323086
8824.827640085156,27.961843290411142
8825.827620554286,55.12399742666441
8826.827601023419,25.221830976537124
8827.82758149255,49.231142069086545
8828.827561961682,28.755149839197035
8829.827542430812,20.661993977706032
8830.827522899945,18.41724008058411
8831.827503369075,42.957738459145375
8832.827483838206,56.93372801172494
8833.827464307338,30.509204646948564
8834.827444776469,12.890342420192352
8835.827425245601,28.016644400647554
8836.827405714732,52.62934723550223
8837.827386183864,78.31889312948775
8838.827366652995,23.24358725914236
8839.827347122127,81.21016087548153
8840.827327591258,31.791841364250182
8841.82730806039,25.64336972652015
8842.827288529521,37.54229975275248
8843.827268998653,56.04074688498542
8844.827249467784,49.31955003734783
8845.827229936916,53.24424516034927
8846.827210406047,22.758721163806324
8847.82719087518,124.29802008667058
8848.82717134431,6.4868973437305755
8849.827151813442,35.61573703360911
8850.827132282573,42.23674312199612
8851.827112751704,76.86893637936575
8852.827093220836,14.74589144651102
8853.827073689967,23.950583676087053
8854.8270541591,63.384067211080655
8855.82703462823,16.465869320480177
8856.827015097362,18.224855067548756
8857.826995566493,56.31106304784423
8858.826976035625,48.29680258648997
8859.826956504756,40.619569822573226
8860.826936973888,39.78784033636682
8861.826917443019,75.24594550055274
8862.826897912151,43.474749302817735
8863.826878381282,41.67720379427553
8864.826858850414,63.456870952168856
8865.826839319545,29.23249910645497
8866.826819788677,47.65981141412731
8867.826800257808,76.12387853021417
8868.826780726939,35.7431206741748
8869.826761196071,8.541573679256816
8870.826741665202,15.763532253839438
8871.826722134334,16.857211841501762
8872.826702603465,47.833050238801796
8873.826683072597,9.087311144760083
8874.826663541728,43.882023719003314
8875.82664401086,38.10983040868934
8876.82662447999,69.67658537296352
8877.826604949123,14.904887380070793
8878.826585418254,44.8140644975876
8879.826565887386,28.284743244379985
8880.826546356517,19.685177310381686
8881.82652682565,27.855030818821838
8882.82650729478,36.6837541636933
8883.826487763912,73.96661442273528
8884.826468233043,39.88601309116137
8885.826448702173,42.52659144626546
8886.826429171306,24.214653241897352
8887.826409640436,30.142829966548785
8888.826390109569,35.949844864798074
8889.8263705787,19.197128530024052
8890.826351047832,35.44254039541449
8891.826331516962,8.961261966187449
8892.826311986095,48.583609984606476
8893.826292455225,100.45754885971554
8894.826272924358,16.84872635412414
8895.826253393489,21.899754710504695
8896.826233862621,31.01158595683963
8897.826214331752,21.14952156709694
8898.826194800884,23.341433405300272
8899.826175270015,50.647500254692716
8900.826155739147,108.4114939743072
8901.826136208278,52.899484774422284
8902.826116677408,24.970760394373766
8903.82609714654,50.30543862758676
8904.826077615671,7.399496358751802
8905.826058084804,36.3573145462028
8906.826038553934,90.82649327255804
8907.826019023067,65.35695138047802
8908.825999492197,99.21997845964823
8909.82597996133,69.69358957085153
8910.82596043046,47.43232131301282
8911.825940899593,33.16376382368034
8912.825921368723,40.51870885846014
8913.825901837856,49.132981682508095
8914.825882306986,81.75610587575571
8915.825862776119,24.87895763321513
8916.82584324525,67.71108133301158
8917.825823714382,103.89381427121532
8918.825804183512,44.802724247527635
8919.825784652643,35.08032013710956
8920.825765121775,57.45065915520234
8921.825745590906,40.40819578505315
8922.825726060039,26.106523757463908
8923.82570652917,65.22694609886045
8924.825686998302,53.73195709292438
8925.825667467432,38.91425874854556
8926.825647936565,70.05806164612024
8927.825628405695,46.28781407779703
8928.825608874828,35.25516352531358
8929.825589343958,12.871908577888492
8930.82556981309,7.093628510035785
8931.825550282221,50.504609277501494
8932.825530751354,36.14931811159579
8933.825511220484,33.4802125742078
8934.825491689617,87.31501520806029
8935.825472158747,25.928095522598795
8936.825452627878,5.497367113308833
8937.82543309701,61.75549834935466
8938.825413566141,37.532888693556174
8939.825394035273,58.30161681823766
8940.825374504404,89.778498273983
8941.825354973536,39.55327674530964
8942.825335442667,35.037952143238265
8943.8253159118,74.49727735293294
8944.82529638093,9.006776849355461
8945.825276850062,9.674861576691251
8946.825257319193,78.65014935907195
8947.825237788325,75.03826450394911
8948.825218257456,25.285788396145072
8949.825198726588,46.64802532765812
8950.82517919572,25.32641427374981
8951.825159664852,63.99829096806144
8952.825140133982,48.536155013956545
8953.825120603115,63.018639163144776
8954.825101072245,31.913540830814757
8955.825081541376,41.51218572679357
8956.825062010508,110.56789187926906
8957.825042479639,51.649065941077474
8958.825022948771,78.07288204084703
8959.825003417902,97.81077758721294
8960.824983887034,91.2169125244232
8961.824964356165,128.23970417211794
8962.824944825297,77.84869184259786
8963.824925294428,127.53972516631163
8964.82490576356,189.1525109621827
8965.824886232691,98.80885288991107
8966.824866701823,85.26705980978612
8967.824847170954,158.3425816267438
8968.824827640086,162.7016561934823
8969.824808109217,88.1953598675763
8970.82478857835,39.9423788241246
8971.82476904748,33.76399534380966
8972.82474951661,31.762988438193346
8973.824729985743,114.60783536629778
8974.824710454874,22.069513429598487
8975.824690924006,124.19470063290443
8976.824671393137,44.14105022913614
8977.82465186227,32.134765036045344
8978.8246323314,39.61583780899359
8979.824612800532,20.98358083449765
8980.824593269663,44.17063990815353
8981.824573738795,48.22517437903167
8982.824554207926,19.82705179402283
8983.824534677058,30.746765470544297
8984.824515146189,60.241888983159924
8985.824495615321,64.16964450772404
8986.824476084452,18.209424712797745
8987.824456553584,22.806074652957285
8988.824437022715,15.515820252912652
8989.824417491845,23.207469847269852
8990.824397960978,39.68747203459749
8991.824378430108,25.064792793873792
8992.82435889924,36.73253366640471
8993.824339368372,24.639534191138456
8994.824319837504,65.28317020062384
8995.824300306635,47.26970345118185
8996.824280775767,74.0451034697847
8997.824261244898,13.264648117448349
8998.82424171403,28.490060137801315
8999.82422218316,18.104023255758563
9000.824202652293,34.10193805427828
9001.824183121424,23.440278562812118
9002.824163590556,33.90550620385937
9003.824144059687,3.0368903980556974
9004.824124528819,49.05126464040695
9005.82410499795,30.656342348339034
9006.82408546708,37.666515675366256
9007.824065936213,62.298018665041816
9008.824046405343,55.10720603686063
9009.824026874476,22.520698570126527
9010.824007343606,37.42860600092792
9011.823987812739,14.33570354757868
9012.82396828187,46.29991160863225
9013.823948751002,27.47559214313812
9014.823929220132,33.51226618969365
9015.823909689265,19.503606799436643
9016.823890158395,39.88732655174136
9017.823870627528,12.381369859239049
9018.823851096658,70.03662528338005
9019.82383156579,16.870135122263267
9020.823812034922,62.25920214899726
9021.823792504054,8.004298941635247
9022.823772973185,72.79009384129162
9023.823753442315,13.71669295883221
9024.823733911448,26.595640798967292
9025.823714380578,22.383180125032155
9026.82369484971,25.002187211405847
9027.823675318841,35.30385044769807
9028.823655787974,38.65972083580754
9029.823636257104,29.182489889457432
9030.823616726237,32.97149979950974
9031.823597195367,13.251024261145087
9032.8235776645,44.84959329071539
9033.82355813363,29.29297573388999
9034.823538602763,31.015070347583112
9035.823519071893,47.16829989538896
9036.823499541026,16.70158500189688
9037.823480010156,24.614266537522465
9038.823460479289,43.36802083519489
9039.82344094842,16.582969925033847
9040.82342141755,36.47984634327994
9041.823401886682,30.448315734963792
9042.823382355813,33.95367740816362
9043.823362824945,20.731428981958576
9044.823343294076,39.127897059869554
9045.823323763208,21.888691098671316
9046.823304232339,19.366822197520126
9047.823284701471,27.529275633518935
9048.823265170602,70.53815626542236
9049.823245639735,21.098905255954072
9050.823226108865,48.397793063406226
9051.823206577998,25.13266631159468
9052.823187047128,50.11989171858379
9053.82316751626,48.82815556820466
9054.823147985391,27.524346735427333
9055.823128454524,20.463582049163357
9056.823108923654,51.22658337935485
9057.823089392785,53.11164505578556
9058.823069861917,8.76003435754766
9059.823050331048,22.92814698714421
9060.82303080018,8.569313223484576
9061.82301126931,24.791911143707708
9062.822991738443,44.05138268789774
9063.822972207574,76.16465389152505
9064.822952676706,40.29615796690083
9065.822933145837,19.27872978834488
9066.82291361497,46.33892427911437
9067.8228940841,45.359921079878326
9068.822874553232,85.524880754657
9069.822855022363,54.064204628531094
9070.822835491495,30.875614580192682
9071.822815960626,127.70530481385505
9072.822796429758,55.379404703208735
9073.822776898889,30.00058974983716
9074.822757368021,68.23439860215984
9075.822737837152,84.11002962146567
9076.822718306283,28.310265978489447
9077.822698775415,73.7677708443247
9078.822679244546,15.995180095409529
9079.822659713678,48.768829962014706
9080.822640182809,40.655120519286335
9081.822620651941,57.05791925116808
9082.822601121072,30.048553031715795
9083.822581590204,38.7937688082845
9084.822562059335,42.02646012025512
9085.822542528467,70.64084577395396
9086.822522997598,53.22831247854486
9087.82250346673,34.82710273074686
9088.82248393586,14.643088103030069
9089.822464404993,19.467748842304935
9090.822444874124,52.59796059187666
9091.822425343256,28.098173012094243
9092.822405812387,41.61256571015777
9093.822386281518,67.00992064172173
9094.82236675065,63.66738079751847
9095.82234721978,4.460566911525203
9096.822327688913,53.8655464121168
9097.822308158044,51.398539136101974
9098.822288627176,25.076797220077047
9099.822269096307,63.352431717960066
9100.822249565439,32.80937436615007
9101.82223003457,25.399774254226088
9102.822210503702,66.827255161555
9103.822190972833,22.751415025992216
9104.822171441965,30.95903889891862
9105.822151911096,43.80321737075925
9106.822132380228,33.369962687355795
9107.822112849359,10.316235100223865
9108.822093318491,6.630343208517108
9109.822073787622,28.748752597292157
9110.822054256752,51.17936453901489
9111.822034725885,46.208542043725636
9112.822015195015,35.41821810680086
9113.821995664148,31.396007671193786
9114.821976133278,108.58328341396313
9115.82195660241,33.40647454601508
9116.821937071541,60.212135191275614
9117.821917540674,34.39210622222056
9118.821898009804,27.87254421233522
9119.821878478937,64.51534603718494
9120.821858948068,20.369711704099295
9121.8218394172,134.0497400964252
9122.82181988633,72.097270698804
9123.821800355463,3.338350685413342
9124.821780824594,47.01234542639554
9125.821761293726,33.46076640374676
9126.821741762857,51.473263881062685
9127.821722231987,19.67303155272888
9128.82170270112,56.067177833404685
9129.82168317025,41.73259718948239
9130.821663639383,21.91876883139107
9131.821644108513,14.086278848151403
9132.821624577646,22.801953699624715
9133.821605046776,24.282463272004073
9134.821585515909,2.6224878252693595
9135.82156598504,30.71526028716365
9136.821546454172,19.63065587555315
9137.821526923302,30.48099766330154
9138.821507392435,63.24774235546434
9139.821487861565,29.1914122587755
9140.821468330698,56.87787628224197
9141.821448799828,10.694846244846284
9142.82142926896,38.43088381459904
9143.821409738091,45.369269078862175
9144.821390207222,11.775578499121922
9145.821370676354,27.751707969134046
9146.821351145485,55.874134947682435
9147.821331614618,42.319032537709795
9148.821312083748,49.08809702162544
9149.82129255288,73.4834164442538
9150.821273022011,55.729013269542456
9151.821253491144,93.97684252779351
9152.821233960274,115.28013617038806
9153.821214429407,70.1016414042454
9154.821194898537,28.217969747453733
9155.82117536767,67.24977274350215
9156.8211558368,2.5582806825134634
9157.821136305933,34.22185581687275
9158.821116775063,46.50485324059541
9159.821097244196,41.02400947093472
9160.821077713326,25.581541257217047
9161.821058182457,32.72487322553168
9162.82103865159,50.61926942813962
9163.82101912072,106.45819166311537
9164.820999589852,67.68968779153623
9165.820980058983,13.300295737233307
9166.820960528115,45.94649485962294
9167.820940997246,64.6878363339306
9168.820921466378,33.699529168081945
9169.820901935509,40.19492055430277
9170.820882404641,19.235664237828665
9171.820862873772,9.50469831156063
9172.820843342904,37.69207498891727
9173.820823812035,49.48925279286831
9174.820804281168,37.59107124537811
9175.820784750298,18.055754257519926
9176.82076521943,42.42635998600956
9177.820745688561,27.883757373237504
9178.820726157694,93.1599481189123
9179.820706626824,50.462688696329636
9180.820687095955,37.79710575268568
9181.820667565087,44.87110390078414
9182.820648034218,64.61277933195397
9183.82062850335,13.247470849519157
9184.82060897248,16.770854539307276
9185.820589441613,3.346119304249377
9186.820569910744,89.54783059623107
9187.820550379876,24.42667805233642
9188.820530849007,56.480118779951994
9189.82051131814,35.46891233259724
9190.82049178727,18.85504577134725
9191.820472256402,54.53075910206018
9192.820452725533,13.57019095061637
9193.820433194665,36.511397124483274
9194.820413663796,15.592160735987495
9195.820394132928,49.605069052368115
9196.820374602059,39.558522604612556
9197.82035507119,38.721528199793575
9198.820335540322,13.654838732270601
9199.820316009453,38.10842697567329
9200.820296478585,65.10771575320993
9201.820276947716,17.01460251713324
9202.820257416848,21.009615313954015
9203.820237885979,26.912525530396277
9204.820218355111,40.43945701352517
9205.820198824242,21.915155241270938
9206.820179293374,62.860674353465384
9207.820159762505,30.477171238325784
9208.820140231637,59.56235035589961
9209.820120700768,19.964004607719602
9210.8201011699,82.82602197693778
9211.82008163903,14.536672510886683
9212.820062108163,25.87974451712049
9213.820042577294,27.682220702516606
9214.820023046424,52.605924995350854
9215.820003515557,55.186254463783584
9216.819983984687,91.41042551167331
9217.81996445382,77.63853148487868
9218.81994492295,9.169115852390297
9219.819925392083,105.00357411169654
9220.819905861214,10.58273250439909
9221.819886330346,40.036125214720535
9222.819866799477,49.55488912542687
9223.819847268609,65.94135004079429
9224.81982773774,29.48136750690251
9225.819808206872,35.06731667500258
9226.819788676003,78.89963577459919
9227.819769145135,13.517329210009013
9228.819749614266,47.59530990377601
9229.819730083398,24.017807672009276
9230.819710552529,31.526612469293863
9231.81969102166,40.93779942357214
9232.819671490792,47.22542659480002
9233.819651959922,40.45146513810461
9234.819632429055,37.30027844718883
9235.819612898185,111.66196275623216
9236.819593367318,24.014044609314038
9237.819573836448,72.69422616003627
9238.81955430558,89.40716324869256
9239.819534774711,26.923235579924114
9240.819515243844,35.991871114020185
9241.819495712974,36.427816480443695
9242.819476182107,34.71166947189198
9243.819456651237,60.392092668912504
9244.81943712037,35.165859757739035
9245.8194175895,58.99659510410501
9246.819398058633,26.707349520106163
9247.819378527764,48.351050595156366
9248.819358996894,78.79170410356338
9249.819339466027,38.87385991647865
9250.819319935157,34.3141469631758
9251.81930040429,62.3172647593576
9252.81928087342,5.613435513232567
9253.819261342553,64.83088563149829
9254.819241811683,82.06614624797129
9255.819222280816,34.594348437577814
9256.819202749946,25.01539163221663
9257.819183219079,33.731968514430015
9258.81916368821,54.36738785978154
9259.819144157342,46.987206060196534
9260.819124626472,40.76246937804962
9261.819105095605,48.47149494175111
9262.819085564735,67.9824416517746
9263.819066033868,30.062001698771002
9264.819046502998,48.245571460280686
9265.819026972129,48.58364284088081
9266.819007441261,55.74810965974061
9267.818987910392,18.776801200858515
9268.818968379524,55.69059493164037
9269.818948848655,55.396635836983094
9270.818929317787,31.947113092146708
9271.818909786918,87.08780557027393
9272.81889025605,72.34874175610054
9273.818870725181,89.1640039875238
9274.818851194314,81.50833015959151
9275.818831663444,117.04872411885405
9276.818812132577,52.69648322684513
9277.818792601707,28.980977599082877
9278.81877307084,39.647102924004464
9279.81875353997,56.96695398588021
9280.818734009103,121.93472087506696
9281.818714478233,101.70860327974617
9282.818694947366,23.52241937855104
9283.818675416496,86.00513840469547
9284.818655885627,19.894777802033442
9285.81863635476,73.93379374661154
9286.81861682389,57.191712597354844
9287.818597293022,37.65952223601933
9288.818577762153,34.606292886209665
9289.818558231285,33.48162860917663
9290.818538700416,83.32598011238012
9291.818519169548,95.9026435462081
9292.818499638679,72.04124542654031
9293.818480107811,77.9770293877742
9294.818460576942,57.046799921374706
9295.818441046074,22.245272860920213
9296.818421515205,26.336293242291177
9297.818401984337,110.49721321588956
9298.818382453468,102.84019813323626
9299.8183629226,67.86075826432005
9300.818343391731,105.38346610707768
9301.818323860862,54.32222937859479
9302.818304329994,111.39493507319379
9303.818284799125,34.57463487071526
9304.818265268257,24.9769904461558
9305.818245737388,103.88847909046224
9306.81822620652,61.622199737991274
9307.81820667565,37.98853052639629
9308.818187144783,54.915739435940075
9309.818167613914,39.04474417899863
9310.818148083046,66.82397703020851
9311.818128552177,7.09985409810626
9312.81810902131,100.38992586966162
9313.81808949044,63.053535976592464
9314.818069959572,73.22567896137625
9315.818050428703,77.889674601084
9316.818030897835,22.3386957552159
9317.818011366966,16.33995905515658
9318.817991836097,15.930772931212672
9319.817972305229,64.31787331284356
9320.81795277436,8.42157975285624
9321.817933243492,34.381162451640606
9322.817913712623,22.791551301566678
9323.817894181755,8.855196534756665
9324.817874650886,65.37253965119493
9325.817855120018,24.01386145825443
9326.817835589149,61.04020846125371
9327.817816058281,7.601450908394613
9328.817796527412,28.82279774140713
9329.817776996544,19.84068656819505
9330.817757465675,51.122334614493965
9331.817737934807,20.408382680521175
9332.817718403938,55.35667291960228
9333.81769887307,32.67947442076641
9334.8176793422,10.83454835169948
9335.817659811331,15.454673249676041
9336.817640280464,33.6602631967349
9337.817620749594,55.05489892833972
9338.817601218727,16.50435791409172
9339.817581687857,5.45200618226458
9340.81756215699,13.622182782001195
9341.81754262612,21.51049782250097
9342.817523095253,6.276499691542886
9343.817503564384,58.74840140513641
9344.817484033516,27.269523551712684
9345.817464502647,30.718537201409113
9346.817444971779,22.20367973998801
9347.81742544091,38.648974811129364
9348.817405910042,25.70650343482885
9349.817386379173,15.666599170319888
9350.817366848305,43.96654995722592
9351.817347317436,20.278647495999923
9352.817327786566,65.08290369660737
9353.817308255699,53.38167495946335
9354.81728872483,28.159180846149145
9355.817269193962,31.169207205194613
9356.817249663092,23.867585087984207
9357.817230132225,30.03388110487798
9358.817210601355,33.91063537917153
9359.817191070488,55.04122201863838
9360.817171539618,58.301153513911714
9361.81715200875,33.862562660493445
9362.817132477881,37.919434438852804
9363.817112947014,1.5378529001289658
9364.817093416144,53.76342735037291
9365.817073885277,20.543942067737134
9366.817054354407,61.37142058844832
9367.81703482354,17.369768020908044
9368.81701529267,55.46679037534215
9369.816995761801,60.74871105307494
9370.816976230934,8.571925751904322
9371.816956700064,9.670750105664085
9372.816937169197,61.52140420390105
9373.816917638327,93.05035236625531
9374.81689810746,4.539829759441932
9375.81687857659,12.465126184763403
9376.816859045723,54.338480642360096
9377.816839514853,34.313569805248925
9378.816819983986,39.75600360659283
9379.816800453116,33.970095145436346
9380.816780922249,85.53876963351688
9381.81676139138,42.08860533242588
9382.816741860512,107.09349215411427
9383.816722329642,73.63520388368033
9384.816702798775,69.74458376075529
9385.816683267905,48.61796027944565
9386.816663737038,29.65955743464331
9387.816644206168,35.07929143756047
9388.816624675299,68.46493583590313
9389.816605144431,24.091829224608496
9390.816585613562,19.79804075081217
9391.816566082694,43.30587614642342
9392.816546551825,25.522258546652274
9393.816527020957,35.92058360052574
9394.816507490088,111.56695769151852
9395.81648795922,18.770475512086968
9396.816468428351,27.67240589433289
9397.816448897483,10.523730270464549
9398.816429366614,38.09589954544855
9399.816409835747,29.3776703447983
9400.816390304877,30.652980398125752
9401.81637077401,28.240876806606046
9402.81635124314,52.508113970199204
9403.816331712273,46.600021728533974
9404.816312181403,27.170095870406136
9405.816292650534,14.369445614071104
9406.816273119666,41.61353710311702
9407.816253588797,31.18029436613615
9408.81623405793,11.066399950265712
9409.81621452706,11.710414128427205
9410.816194996192,24.981772738339213
9411.816175465323,19.287707637846687
9412.816155934455,24.97369798604189
9413.816136403586,12.100561808445603
9414.816116872718,53.32376348202075
9415.816097341849,40.0047486041308
9416.816077810981,29.237704675034927
9417.816058280112,17.67212096513307
9418.816038749244,27.084419205322757
9419.816019218375,40.14764124636037
9420.815999687507,15.097455021306887
9421.815980156638,38.825652256626185
9422.815960625769,33.72137572373498
9423.815941094901,15.359983803191465
9424.815921564032,35.78665136257131
9425.815902033164,16.751822798814402
9426.815882502295,12.458245492143055
9427.815862971427,31.02034400815126
9428.815843440558,13.26077027365002
9429.81582390969,11.155867654790729
9430.81580437882,105.92842769244112
9431.815784847953,14.399273567813943
9432.815765317084,14.964574025038809
9433.815745786216,46.79770641536566
9434.815726255347,26.961869799673945
9435.81570672448,35.48105476069412
9436.81568719361,55.68476439077703
9437.815667662742,47.50550352409759
9438.815648131873,39.04607939609339
9439.815628601003,36.61331656856478
9440.815609070136,10.814642460998087
9441.815589539267,58.72271026622112
9442.815570008399,33.50706604395667
9443.81555047753,63.67353550533838
9444.815530946662,38.661647193663775
9445.815511415793,65.65530755587245
9446.815491884925,46.31999640509587
9447.815472354056,28.861301118753804
9448.815452823188,27.587029522302085
9449.815433292319,44.671183153840914
9450.815413761451,30.278904981407106
9451.815394230582,76.53031170813311
9452.815374699714,22.708049026024444
9453.815355168845,40.95846839228783
9454.815335637977,60.0557139229052
9455.815316107108,66.21734307561984
9456.815296576238,65.44304023046672
9457.81527704537,24.409108007631577
9458.815257514501,64.79748514671904
9459.815237983634,67.67430844378869
9460.815218452764,78.3670371873947
9461.815198921897,62.39756966660441
9462.815179391027,79.00782683621364
9463.81515986016,86.85939372344086
9464.81514032929,102.40263340613346
9465.815120798423,26.243237159376367
9466.815101267553,119.22672693627406
9467.815081736686,202.4437824500303
9468.815062205817,52.36911011079178
9469.815042674949,53.464815275372715
9470.81502314408,128.79004477558786
9471.815003613212,78.35627374083043
9472.814984082343,52.49658577908907
9473.814964551473,60.85711106464531
9474.814945020606,48.942733317253285
9475.814925489736,64.03517620789974
9476.814905958869,127.18733693074809
9477.814886428,81.95260610151644
9478.814866897132,55.63465221161468
9479.814847366262,117.72606933701523
9480.814827835395,77.65818074463267
9481.814808304525,32.10379810033207
9482.814788773658,39.47702391033173
9483.814769242788,23.864957683791786
9484.81474971192,44.662096448761844
9485.814730181051,59.40933309143815
9486.814710650184,47.98334790830287
9487.814691119314,115.25765410262822
9488.814671588447,24.024529652533094
9489.814652057577,66.53525741068273
9490.814632526708,51.82948877594525
9491.81461299584,43.17391313562129
9492.814593464971,19.86143819187425
9493.814573934103,73.59179293366068
9494.814554403234,24.06392191151216
9495.814534872366,27.574087610105053
9496.814515341497,16.1400901855853
9497.81449581063,31.27644358719651
9498.81447627976,55.491656685843395
9499.814456748893,62.96585484231591
9500.814437218023,53.74382890311293
9501.814417687156,38.35190106733535
9502.814398156286,29.400996179221487
9503.814378625419,62.322466411633606
9504.81435909455,23.89821170687827
9505.814339563682,46.64074597633203
9506.814320032812,37.92092141707484
9507.814300501945,12.444938557670037
9508.814280971075,15.817042797354107
9509.814261440206,13.990823365092313
9510.814241909338,29.516406169592372
9511.814222378469,34.0909080229542
9512.814202847601,9.65621991539875
9513.814183316732,52.12849099839025
9514.814163785864,33.42509704542751
9515.814144254995,50.09836464221073
9516.814124724127,61.90536799048682
9517.814105193258,18.25506971634628
9518.81408566239,5.241904755882189
9519.814066131521,78.52902380880317
9520.814046600653,68.79696982525311
9521.814027069784,47.77038143304247
9522.814007538916,22.762136542631833
9523.813988008047,71.34046699409478
9524.81396847718,101.48296271210803
9525.81394894631,61.689706986188135
9526.81392941544,40.381311685020606
9527.813909884573,49.746851770482444
9528.813890353704,43.26378752366634
9529.813870822836,14.487451811694363
9530.813851291967,100.27659710585411
9531.8138317611,40.782841465858716
9532.81381223023,19.41668724205113
9533.813792699362,45.23082282204708
9534.813773168493,44.16236832080785
9535.813753637625,44.70401956722555
9536.813734106756,80.72370545759776
9537.813714575888,16.584707845593964
9538.813695045019,65.10576945960952
9539.813675514151,25.288144382124745
9540.813655983282,48.87977377243466
9541.813636452414,19.94584860295697
9542.813616921545,80.61325326519997
9543.813597390676,50.06243527990969
9544.813577859808,15.269860565139307
9545.813558328939,75.33650936480716
9546.813538798071,65.08593193987628
9547.813519267202,38.91497284087732
9548.813499736334,12.52318486977535
9549.813480205465,78.34401948309397
9550.813460674597,48.72348042512969
9551.813441143728,48.87811194156817
9552.81342161286,63.28604658238223
9553.81340208199,12.661335934653934
9554.813382551123,70.69451812873476
9555.813363020254,31.102104513366847
9556.813343489386,14.764100983331003
9557.813323958517,28.53860934503875
9558.81330442765,61.228710834496894
9559.81328489678,37.94046531140196
9560.81326536591,57.50895151392276
9561.813245835043,86.85473116303655
9562.813226304173,50.22131431145027
9563.813206773306,51.40097341846151
9564.813187242436,19.01412150622153
9565.813167711569,43.091002016623946
9566.8131481807,28.823355795899356
9567.813128649832,45.656598564286824
9568.813109118963,25.86890820085671
9569.813089588095,38.095489584978004
9570.813070057226,35.054617282852135
9571.813050526358,63.341648257840276
9572.813030995489,16.789641214845673
9573.813011464621,14.754884109095716
9574.812991933752,16.10195408960127
9575.812972402884,44.240655738554246
9576.812952872015,48.51367064510015
9577.812933341145,8.609683147979363
9578.812913810278,24.420122819826602
9579.812894279408,51.957096462315626
9580.81287474854,59.687013876539595
9581.812855217671,65.28288396832968
9582.812835686804,31.19647689185733
9583.812816155934,19.445298105499045
9584.812796625067,11.179855101191428
9585.812777094197,76.68012979279138
9586.81275756333,80.6381359250307
9587.81273803246,16.047633598834295
9588.812718501593,63.513880154749565
9589.812698970723,9.62423502169667
9590.812679439856,30.415300608415023
9591.812659908986,28.743854913304304
9592.812640378119,43.17408206587105
9593.81262084725,27.152523719996527
9594.81260131638,48.87527062161504
9595.812581785513,53.04735365117949
9596.812562254643,37.249332596296
9597.812542723776,2.7298085949801054
9598.812523192906,20.309727578399144
9599.812503662039,15.585566455209058
9600.81248413117,29.0862799394786
9601.812464600302,16.345159025036796
9602.812445069432,69.18996427851005
9603.812425538565,14.058320035000415
9604.812406007695,32.79504695994711
9605.812386476828,64.78010375321911
9606.812366945958,71.72910821821458
9607.81234741509,76.48134120860223
9608.812327884221,32.77017623435782
9609.812308353354,95.39467646689427
9610.812288822484,54.52127599208988
9611.812269291617,22.57899572743768
9612.812249760747,35.283810845039234
9613.812230229878,17.55106345992956
9614.81221069901,42.66542813829191
9615.812191168141,89.93517160083853
9616.812171637273,83.13157105734503
9617.812152106404,27.906787876866566
9618.812132575536,40.08510765863222
9619.812113044667,26.31557138041595
9620.8120935138,32.44375836505403
9621.81207398293,28.0663261049345
9622.812054452063,18.273323335270877
9623.812034921193,1.9280472895465492
9624.812015390326,14.302047021051688
9625.811995859456,14.707508246420263
9626.811976328589,23.794712365631582
9627.81195679772,38.25176955748114
9628.811937266852,39.86839523682744
9629.811917735982,30.476612951995623
9630.811898205113,32.974684713696284
9631.811878674245,79.0195195762082
9632.811859143376,72.00707235564802
9633.811839612508,26.748520183377746
9634.811820081639,20.1976883684837
9635.811800550771,60.17782405978532
9636.811781019902,43.485788602004284
9637.811761489034,8.051678067185835
9638.811741958165,14.00283711729385
9639.811722427297,27.38881131628228
9640.811702896428,27.62398309490194
9641.81168336556,34.560425745952415
9642.811663834691,65.80892494153504
9643.811644303823,23.02116279860698
9644.811624772954,31.25161340832988
9645.811605242086,33.20889081900837
9646.811585711217,100.74823833008587
9647.811566180348,69.01619376629826
9648.81154664948,34.46177739578596
9649.81152711861,13.820774735007886
9650.811507587743,37.96876935470925
9651.811488056874,50.05292954277923
9652.811468526006,22.116938503576275
9653.811448995137,22.78383936309973
9654.81142946427,16.294530161782767
9655.8114099334,39.905025449978396
9656.811390402532,30.453052590692632
9657.811370871663,23.583264507140036
9658.811351340795,27.08894330585206
9659.811331809926,42.58699380219774
9660.811312279058,31.448046276266055
9661.811292748189,22.348780405135848
9662.811273217321,45.84971409379854
9663.811253686452,44.61300316257329
9664.811234155582,90.33471929954652
9665.811214624715,24.835188317130555
9666.811195093846,42.97185833391559
9667.811175562978,37.586845992078985
9668.811156032109,66.00894846201038
9669.811136501241,104.64964131738007
9670.811116970372,41.54695047231101
9671.811097439504,34.91624659995248
9672.811077908635,42.07916239782806
9673.811058377767,34.2527500588045
9674.811038846898,3.4203646410753192
9675.81101931603,54.02590444610564
9676.81099978516,31.067998090388503
9677.810980254293,16.486352799150396
9678.810960723424,57.44861846812644
9679.810941192556,43.516899694680596
9680.810921661687,29.337421549438506
9681.810902130817,61.12884416237479
9682.81088259995,101.9445710807521
9683.81086306908,21.500037147665655
9684.810843538213,53.47159852601038
9685.810824007343,53.309191218912446
9686.810804476476,79.13259811174073
9687.810784945606,37.05792839342249
9688.810765414739,47.21376520637731
9689.81074588387,56.50029407215733
9690.810726353002,37.93386660049978
9691.810706822132,11.97609685598091
9692.810687291265,34.11937749537324
9693.810667760396,25.853446239257902
9694.810648229528,16.633040089774237
9695.810628698659,23.963966943412444
9696.810609167791,51.28901906281538
9697.810589636922,28.489082629037316
9698.810570106052,55.86842014697078
9699.810550575185,66.9702689503707
9700.810531044315,80.10961596155481
9701.810511513448,52.33430077296528
9702.810491982578,78.9284469648754
9703.81047245171,100.89530934386183
9704.810452920841,36.205649361785504
9705.810433389974,52.72678663588864
9706.810413859104,59.83925367604271
9707.810394328237,28.667768782139074
9708.810374797367,48.15885740180696
9709.8103552665,77.01859434362284
9710.81033573563,52.79612239901824
9711.810316204763,107.22917972985843
9712.810296673893,57.97104186777987
9713.810277143026,112.44523650480122
9714.810257612156,104.39864218597371
9715.810238081289,74.23829597070416
9716.81021855042,64.64533178977325
9717.81019901955,99.27839944375457
9718.810179488682,86.91634475370351
9719.810159957813,28.195747196926597
9720.810140426946,63.843764734079315
9721.810120896076,50.67717762113915
9722.810101365209,64.67887979388753
9723.81008183434,29.167977373534512
9724.810062303472,32.04697550569526
9725.810042772602,56.37383915600973
9726.810023241735,47.13387867050969
9727.810003710865,18.700946062941238
9728.809984179998,65.51440842478725
9729.809964649128,32.44516065895948
9730.80994511826,103.73468989348423
9731.809925587391,24.024841862506957
9732.809906056524,26.1914386420408
9733.809886525654,53.51431840044038
9734.809866994785,53.71508905828921
9735.809847463917,38.584722964554324
9736.809827933048,8.487912140114792
9737.80980840218,18.39273518239782
9738.809788871311,41.25622166557734
9739.809769340443,103.43388487378058
9740.809749809574,64.73489872973148
9741.809730278706,64.34304851086122
9742.809710747837,57.07534318152672
9743.80969121697,20.24642327494153
9744.8096716861,7.14568278897683
9745.809652155232,25.334871752361405
9746.809632624363,81.45867248435707
9747.809613093495,4.88329635201106
9748.809593562626,81.85522059034894
9749.809574031759,44.651813907972546
9750.80955450089,28.08262806480883
9751.80953497002,8.795970251625205
9752.809515439152,50.689931080799894
9753.809495908283,13.329066526531125
9754.809476377415,14.06335032229317
9755.809456846546,47.27773539915961
9756.809437315678,18.852218595356064
9757.809417784809,70.45253121638743
9758.809398253941,20.818465285135737
9759.809378723072,37.01617582821311
9760.809359192204,39.93630118927122
9761.809339661335,34.07441361864027
9762.809320130467,51.853437525711925
9763.809300599598,8.977818736004707
9764.80928106873,27.865477463217545
9765.809261537861,33.00814910118298
9766.809242006993,59.89620445853551
9767.809222476124,20.720029598738975
9768.809202945255,68.99166616312515
9769.809183414387,17.513671517906975
9770.809163883518,25.90064186519483
9771.80914435265,3.5539291620162974
9772.80912482178,34.425077485760696
9773.809105290913,47.60422723174181
9774.809085760044,33.34373012206096
9775.809066229176,13.150709349432441
9776.809046698307,91.5228882099082
9777.80902716744,58.13509756523647
9778.80900763657,55.002044443731236
9779.808988105702,50.46375526629234
9780.808968574833,13.348551445447756
9781.808949043965,45.62502726459174
9782.808929513096,42.54855344545869
9783.808909982228,22.756936299656267
9784.808890451359,41.865012469342304
9785.80887092049,70.1804224263499
9786.808851389622,72.0901839204089
9787.808831858752,37.270090010802704
9788.808812327885,77.07774385607571
9789.808792797015,12.767371996061168
9790.808773266148,15.864464626154225
9791.808753735279,17.92217505159849
9792.808734204411,30.80418918297134
9793.808714673542,18.208581688074336
9794.808695142674,17.757925886795757
9795.808675611805,34.17284842751015
9796.808656080937,23.97604777630913
9797.808636550068,45.93231648322929
9798.8086170192,14.214872692636552
9799.80859748833,32.20753077268057
9800.808577957463,23.02710487265508
9801.808558426594,32.78296351403324
9802.808538895724,45.342960512229745
9803.808519364857,39.864975008308946
9804.808499833987,5.024196518337016
9805.80848030312,19.04573480988765
9806.80846077225,32.852255624988686
9807.808441241383,37.566087341067984
9808.808421710513,52.96042014856176
9809.808402179646,43.06475546558138
9810.808382648776,24.221584612068863
9811.808363117909,26.511987783247474
9812.80834358704,7.073270987871319
9813.808324056172,100.61786798171403
9814.808304525302,20.768510443261505
9815.808284994435,3.2910294632517068
9816.808265463565,11.490883993564369
9817.808245932698,34.82299004562599
9818.808226401829,12.717080187041045
9819.808206870961,53.122202682317436
9820.808187340092,91.3459732312296
9821.808167809222,88.41919187904546
9822.808148278355,42.04282633098887
9823.808128747485,83.09043207987618
9824.808109216618,50.398467503425834
9825.808089685748,98.36681687512072
9826.80807015488,36.65218578090046
9827.808050624011,75.74809174511614
9828.808031093144,26.695337037148626
9829.808011562274,52.64233880364162
9830.807992031407,62.91928797912777
9831.807972500537,78.69577913189255
9832.80795296967,42.966179991006406
9833.8079334388,41.363610367898275
9834.807913907933,31.282328476025615
9835.807894377063,44.742474413184375
9836.807874846196,111.16865217329395
9837.807855315326,6.249678571643727
9838.807835784457,81.54159474414541
9839.80781625359,34.367186753397554
9840.80779672272,52.96440093258331
9841.807777191852,44.79260112510594
9842.807757660983,52.48824690370704
9843.807738130115,19.264959898294602
9844.807718599246,16.386526193237067
9845.807699068378,79.5607587663918
9846.80767953751,62.16056857905507
9847.807660006642,46.98468655815082
9848.807640475772,92.04178588127118
9849.807620944905,93.17196736044374
9850.807601414035,73.55240236475876
9851.807581883168,56.96778465273146
9852.807562352298,88.87391973071868
9853.80754282143,214.02794459812878
9854.807523290561,83.07909806942939
9855.807503759692,68.03555349157159
9856.807484228824,30.09214988909972
9857.807464697955,33.120312922251856
9858.807445167087,26.971313905624
9859.807425636218,57.36901655420631
9860.80740610535,54.27094823494061
9861.807386574481,58.087105494969165
9862.807367043613,71.03039236827028
9863.807347512744,74.44405839220211
9864.807327981876,48.44361646389648
9865.807308451007,10.361485934670021
9866.80728892014,31.605330023867356
9867.80726938927,95.63939356791138
9868.807249858402,51.766849423659366
9869.807230327533,44.69329970858317
9870.807210796665,47.636409988196036
9871.807191265796,50.47686111526951
9872.807171734927,3.3091128992272316
9873.80715220406,53.8290526814482
9874.80713267319,61.22925942302486
9875.807113142322,65.17846620005322
9876.807093611453,16.80707532746622
9877.807074080585,17.272936903210358
9878.807054549716,54.451629860046715
9879.807035018848,51.27990294825037
9880.807015487979,25.168043461520895
9881.806995957111,81.06506638217826
9882.806976426242,74.93489605397531
9883.806956895374,111.52861363532902
9884.806937364505,31.69694760176116
9885.806917833637,23.088915193496288
9886.806898302768,32.949159187419944
9887.8068787719,47.62771173478978
9888.80685924103,28.94163638724508
9889.806839710162,28.328884188485826
9890.806820179294,57.202386028977386
9891.806800648425,29.102109849594587
9892.806781117557,10.701647098671101
9893.806761586688,29.7726564905987
9894.80674205582,11.420465475160297
9895.80672252495,66.18516691690428
9896.806702994083,7.5251044244273375
9897.806683463214,36.624950232911615
9898.806663932346,63.64797424654031
9899.806644401477,58.7582584424604
9900.806624870609,26.35125979105106
9901.80660533974,23.419715612493025
9902.806585808872,81.67105260666492
9903.806566278003,69.83347439301569
9904.806546747135,83.08147058540986
9905.806527216266,40.78850140857802
9906.806507685396,73.89801660995929
9907.806488154529,44.47059641718949
9908.80646862366,62.875273655348145
9909.806449092792,51.18369896106028
9910.806429561922,59.674924609321096
9911.806410031055,62.00927390287516
9912.806390500185,36.11898075043032
9913.806370969318,67.7388686758607
9914.806351438448,23.091297586080795
9915.80633190758,26.6496718374482
9916.806312376712,82.64422140523754
9917.806292845844,25.2580565929112
9918.806273314975,69.90658613462955
9919.806253784107,73.16520403754976
9920.806234253238,62.67569962687548
9921.80621472237,88.0501984948421
9922.8061951915,96.77562739637084
9923.806175660631,52.78721453477586
9924.806156129764,40.321575085374
9925.806136598894,25.38503728788988
9926.806117068027,15.631427930844175
9927.806097537157,11.257953277167065
9928.80607800629,22.66285690972374
9929.80605847542,98.29141613154879
9930.806038944553,28.501474832778626
9931.806019413683,9.920366962484408
9932.805999882816,77.75521919746879
9933.805980351946,29.655302722481824
9934.805960821079,56.17057169429921
9935.80594129021,57.079564607532596
9936.805921759342,76.40195665062967
9937.805902228472,72.82593629262372
9938.805882697605,68.10875399520711
9939.805863166735,35.63170851013478
9940.805843635868,99.27550092855435
9941.805824104998,31.664883715779144
9942.805804574129,62.198243515548846
9943.805785043261,51.609744421612525
9944.805765512392,91.2015611132604
9945.805745981525,31.354923948484863
9946.805726450655,68.28806103420644
9947.805706919788,121.55393518166193
9948.805687388918,37.07802475123918
9949.80566785805,67.80008442557751
9950.805648327181,17.18370616716778
9951.805628796314,36.201557734512456
9952.805609265444,121.10330866213216
9953.805589734577,55.56040951945129
9954.805570203707,14.300354630012448
9955.80555067284,21.96475961792136
9956.80553114197,60.17094388773099
9957.805511611103,11.496669441670498
9958.805492080233,30.647403246404384
9959.805472549364,55.59472059078847
9960.805453018496,64.68699504750842
9961.805433487627,36.39957374735506
9962.80541395676,66.76814746845444
9963.80539442589,103.70716132421828
9964.805374895022,59.371891629379185
9965.805355364153,58.83942764062606
9966.805335833285,4.016009109079844
9967.805316302416,44.1695140982857
9968.805296771548,81.62280672743218
9969.805277240679,60.691693093551386
9970.805257709811,69.3497498987484
9971.805238178942,32.88981591388719
9972.805218648075,88.24812387720029
9973.805199117205,53.02236834232635
9974.805179586338,71.98392056683862
9975.805160055468,91.70666883284498
9976.805140524599,16.724587544929374
9977.805120993731,35.059544466045665
9978.805101462862,51.395388738981545
9979.805081931994,24.094599361468166
9980.805062401125,27.26324590868048
9981.805042870257,21.772054523868558
9982.805023339388,27.336242534494257
9983.80500380852,26.763255004331736
9984.80498427765,35.21856626648735
9985.804964746783,19.861559174908617
9986.804945215914,88.46563808327716
9987.804925685046,34.45254373534945
9988.804906154177,14.366220701552233
9989.80488662331,30.181551260798916
9990.80486709244,78.29827814580327
9991.804847561572,26.541549960545584
9992.804828030703,61.06178435806821
9993.804808499834,72.17026115115391
9994.804788968966,59.36722165798554
9995.804769438097,50.606798031438444
9996.804749907229,13.962112856627444
9997.80473037636,20.67582255233044
9998.804710845492,58.35363064436047
9999.804691314623,50.60604153847634
10000.804671783755,60.12182789523182
10001.804652252886,49.5531220992081
10002.804632722018,48.24166111855658
10003.804613191149,8.798004852227804
10004.804593660281,21.94229290881518
10005.804574129412,22.876520054053774
10006.804554598544,70.56161534791603
10007.804535067675,19.850224206168612
10008.804515536807,29.96481901809782
10009.804496005938,57.37623899241048
10010.804476475068,38.02052392936347
10011.8044569442,45.45427121801761
10012.804437413331,48.45839189567543
10013.804417882464,58.62174403067221
10014.804398351595,58.595751646512795
10015.804378820727,125.03985702964873
10016.804359289858,89.55102967196333
10017.80433975899,28.478854221063127
10018.80432022812,35.72206679096494
10019.804300697253,73.01766670350658
10020.804281166384,41.84326107987621
10021.804261635516,38.00721783774827
10022.804242104647,5.309121630801575
10023.804222573779,27.555296068355577
10024.80420304291,71.01633224800568
10025.804183512042,38.92486416803963
10026.804163981173,38.30293163453565
10027.804144450303,14.271218119016963
10028.804124919436,26.767275616930345
10029.804105388566,4.112695516869855
10030.804085857699,43.68904112518478
10031.80406632683,20.344222187748585
10032.804046795962,32.05522608809576
10033.804027265092,38.11543620241956
10034.804007734225,31.216748641162123
10035.803988203355,40.75834359745345
10036.803968672488,55.233749038973144
10037.803949141618,20.97973062003971
10038.80392961075,42.85258828377544
10039.803910079881,74.32869302271203
10040.803890549014,31.635206170253717
10041.803871018144,50.17338245616248
10042.803851487277,104.21622626653316
10043.803831956408,38.14351220280088
10044.80381242554,48.744954946544034
10045.80379289467,28.755834394898937
10046.803773363801,60.4935493629661
10047.803753832934,76.9554790505423
10048.803734302064,85.04797529024495
10049.803714771197,11.552966330050847
10050.803695240327,118.80314929093248
10051.80367570946,68.58517885940356
10052.80365617859,121.16258767045267
10053.803636647723,33.16607284214745
10054.803617116853,43.071284668369316
10055.803597585986,7.90111046859679
10056.803578055116,29.917357343751284
10057.803558524249,45.030024642265026
10058.80353899338,90.0746579356203
10059.803519462512,38.36566879895589
10060.803499931642,29.575807000979964
10061.803480400775,7.4935138854766645
10062.803460869905,21.138237417479658
10063.803441339036,38.76031383161754
10064.803421808168,39.6840111146979
10065.803402277299,6.65312391564966
10066.803382746431,31.28940169894972
10067.803363215562,59.58429154006824
10068.803343684694,65.81907953787476
10069.803324153825,53.08424605936763
10070.803304622958,24.788233615774946
10071.803285092088,56.16460748797023
10072.80326556122,66.24549679866138
10073.803246030351,30.726841442950676
10074.803226499484,45.45235904971187
10075.803206968614,43.043296898568315
10076.803187437747,65.5007894005295
10077.803167906877,64.17913019799376
10078.80314837601,32.34081730157092
10079.80312884514,10.736580765414002
10080.80310931427,30.422116380159245
10081.803089783403,64.99220046704725
10082.803070252534,44.203329614310974
10083.803050721666,65.79346119475919
10084.803031190797,30.354684803208063
10085.80301165993,77.33191255165822
10086.80299212906,63.5767519699443
10087.802972598192,83.20438572252237
10088.802953067323,20.677428897413368
10089.802933536455,48.227741335963636
10090.802914005586,88.39227927111821
10091.802894474718,46.713718332177066
10092.802874943849,40.78136406899416
10093.802855412981,32.0270547424322
10094.802835882112,32.16997198568424
10095.802816351244,10.169913894344806
10096.802796820375,68.53495841707193
10097.802777289506,48.78302595653595
10098.802757758638,14.470117985941027
10099.802738227769,25.16529504342989
10100.802718696901,32.63984655468721
10101.802699166032,55.31859026379817
10102.802679635164,25.04847100676172
10103.802660104295,63.6282812815047
10104.802640573427,134.65962507347172
10105.802621042558,90.80084175901094
10106.80260151169,43.39963972955139
10107.80258198082,48.05933094658945
10108.802562449953,72.44726915010861
10109.802542919084,50.46777014033227
10110.802523388216,79.88925059161362
10111.802503857347,83.55681641972741
10112.80248432648,7.648933274035549
10113.80246479561,92.17712296392621
10114.80244526474,92.90709904158325
10115.802425733873,79.69216972424157
10116.802406203004,42.8555688375307
10117.802386672136,63.207594198855844
10118.802367141267,33.539120391609686
10119.802347610399,28.130862262019235
10120.80232807953,87.36448806087766
10121.802308548662,30.773462657139262
10122.802289017793,16.15099570800291
10123.802269486925,88.65222582416378
10124.802249956056,74.27255309446367
10125.802230425188,51.7150299155372
10126.802210894319,53.51051632134232
10127.802191363451,64.41606877391521
10128.802171832582,24.94896200947695
10129.802152301714,33.61506898706999
10130.802132770845,27.743933235759446
10131.802113239975,55.74652841178288
10132.802093709108,96.91940116669835
10133.802074178238,47.94225664822753
10134.80205464737,38.280355388120526
10135.802035116501,53.725402309795335
10136.802015585634,72.65243503617454
10137.801996054764,66.39202274145057
10138.801976523897,113.17498313979044
10139.801956993027,33.652360830259795
10140.80193746216,37.72827960649688
10141.80191793129,60.74712575702491
10142.801898400423,60.182385201891975
10143.801878869554,56.228155967132615
10144.801859338686,83.37075924728958
10145.801839807817,92.5940386313359
10146.801820276949,77.83311666052171
10147.80180074608,49.68062289968949
10148.801781215212,28.45693122769191
10149.801761684343,90.85660215573067
10150.801742153473,17.824281569741856
10151.801722622606,31.08759020547485
10152.801703091736,18.46819225729055
10153.801683560869,22.777691906918186
10154.80166403,36.145843197539705
10155.801644499132,17.931787282075792
10156.801624968262,87.87772460623188
10157.801605437395,89.01881995317066
10158.801585906525,15.47765366009966
10159.801566375658,49.18127706594704
10160.801546844788,77.33616574315214
10161.80152731392,29.87623782633351
10162.801507783051,3.388326916981996
10163.801488252184,33.16840526199712
10164.801468721314,62.80970365179794
10165.801449190447,40.749005359545556
10166.801429659577,27.656728626969134
10167.801410128708,11.140133402069765
10168.80139059784,26.38834653764628
10169.801371066971,68.65426708889096
10170.801351536104,63.34837483252942
10171.801332005234,27.000749936019925
10172.801312474367,10.413195571053999
10173.801292943497,29.070114107112737
10174.80127341263,15.613130402324563
10175.80125388176,26.13744876233677
10176.801234350893,34.32926753313633
10177.801214820023,83.03135541637505
10178.801195289156,40.129429211584785
10179.801175758286,32.06198278378234
10180.801156227419,45.58651254191524
10181.80113669655,24.6832728618483
10182.801117165682,36.11226128329015
10183.801097634812,33.104739772068676
10184.801078103943,17.498623508828935
10185.801058573075,20.08914809492118
10186.801039042206,16.407212536198514
10187.801019511338,27.718925654078266
10188.800999980469,52.01206229257202
10189.800980449601,47.275861726292874
10190.800960918732,29.293523269078204
10191.800941387864,65.45052238587938
10192.800921856995,37.91006561674263
10193.800902326127,36.94705132492551
10194.800882795258,31.80153317783554
10195.80086326439,18.308725765688038
10196.800843733521,65.53981460845223
10197.800824202654,48.54838486222028
10198.800804671784,100.72546689497548
10199.800785140917,66.95263757642037
10200.800765610047,49.23816684735579
10201.800746079178,30.556959187963013
10202.80072654831,33.556560017277455
10203.80070701744,31.60380288132626
10204.800687486573,55.569702117294476
10205.800667955704,63.49778100055214
10206.800648424836,23.972337876523884
10207.800628893967,38.226017620006616
10208.8006093631,34.424455620188304
10209.80058983223,106.60176554342135
10210.800570301362,94.9054460288369
10211.800550770493,74.0143997510353
10212.800531239625,21.893282429384556
10213.800511708756,32.87123527091402
10214.800492177888,59.21629696519029
10215.800472647019,46.76034227971992
10216.800453116151,106.60581235890663
10217.800433585282,45.2695791157124
10218.800414054413,28.435347019089384
10219.800394523545,38.69721813295129
10220.800374992676,61.11241335825381
10221.800355461808,114.43989058495919
10222.800335930939,45.148962914047296
10223.800316400071,94.14363236416803
10224.800296869202,50.09250602333216
10225.800277338334,124.35807136783767
10226.800257807465,60.832385613774484
10227.800238276597,34.62819474443627
10228.800218745728,53.6452545049088
10229.80019921486,20.359565930424317
10230.80017968399,41.818996971142155
10231.800160153123,70.74638303790945
10232.800140622254,54.68900863956701
10233.800121091386,86.54417105464351
10234.800101560517,50.97479323626175
10235.800082029647,42.69179633960606
10236.80006249878,7.464966167868877
10237.80004296791,44.033384878280145
10238.800023437043,34.404959341549215
10239.800003906174,9.61044390464126
10240.799984375306,50.40707855504521
10241.799964844437,53.728299200235234
10242.799945313569,61.513841799029116
10243.7999257827,30.729653247550374
10244.799906251832,40.00114771795259
10245.799886720963,36.72284072075518
10246.799867190095,25.047840556708724
10247.799847659226,38.674547577812596
10248.799828128358,43.41994091116948
10249.799808597489,30.50035579678429
10250.799789066621,30.880697586166608
10251.799769535752,31.823856035508292
10252.799750004882,20.540097311988774
10253.799730474015,45.89617106417575
10254.799710943145,21.926299696127003
10255.799691412278,13.24534449912784
10256.799671881408,11.930097502556931
10257.79965235054,18.816701417675006
10258.799632819671,42.333876676230624
10259.799613288804,35.04498655405408
10260.799593757934,43.426723238386515
10261.799574227067,9.389444644948943
10262.799554696197,9.631982102053803
10263.79953516533,9.091294866725436
10264.79951563446,11.822751387184944
10265.799496103593,16.880269431277505
10266.799476572724,85.28757473981597
10267.799457041856,28.83826588801825
10268.799437510987,135.06128922980204
10269.799417980119,39.05714754247706
10270.79939844925,20.02964351811239
10271.79937891838,58.602642829755744
10272.799359387513,4.988045923958497
10273.799339856643,49.011193769048326
10274.799320325776,20.68797684504644
10275.799300794906,42.18026762828055
10276.799281264039,32.21107891259353
10277.79926173317,46.03331253681168
10278.799242202302,18.25721740767868
10279.799222671432,66.55331352384907
10280.799203140565,56.98491422780035
10281.799183609695,66.39875975253237
10282.799164078828,95.88498380763811
10283.799144547958,8.87204557277012
10284.79912501709,90.25587451931698
10285.799105486221,72.67218024702191
10286.799085955354,25.91550699708667
10287.799066424484,57.79786949499981
10288.799046893615,34.60120542163046
10289.799027362747,25.41625175003152
10290.799007831878,88.56586221529292
10291.79898830101,65.45061257463809
10292.798968770141,23.61147845001816
10293.798949239273,18.517003048838713
10294.798929708404,72.19006645298767
10295.798910177537,47.657389997762316
10296.798890646667,108.28893955878156
10297.7988711158,147.84668904907443
10298.79885158493,71.53139649992052
10299.798832054063,60.75286846930293
10300.798812523193,72.79494565040198
10301.798792992326,164.4823864132161
10302.798773461456,56.87433164633789
10303.798753930589,28.169451160345364
10304.79873439972,26.88500628856693
10305.79871486885,67.28745077944498
10306.798695337982,67.0159787135921
10307.798675807113,82.37466640367899
10308.798656276245,29.88795121890071
10309.798636745376,50.823308120031406
10310.798617214508,31.53975071371774
10311.798597683639,115.33518617812135
10312.798578152771,12.598982157084048
10313.798558621902,29.699643832991818
10314.798539091034,70.16028106923865
10315.798519560165,34.62664743990504
10316.798500029297,55.99061012405666
10317.798480498428,142.81324965417772
10318.79846096756,3.839790355081684
10319.798441436691,120.58209152679437
10320.798421905823,39.93152872004389
10321.798402374954,45.18435500161273
10322.798382844085,59.548940889188216
10323.798363313217,74.16675650618372
10324.798343782348,88.40632573494878
10325.79832425148,43.88771964848926
10326.79830472061,99.84840192651367
10327.798285189743,13.18756562192891
10328.798265658874,110.9712000459824
10329.798246128006,7.17394106818058
10330.798226597137,62.84726629824973
10331.79820706627,15.33555820942358
10332.7981875354,23.822023365742584
10333.798168004532,22.396975503847415
10334.798148473663,61.79709602958753
10335.798128942795,32.09382093007067
10336.798109411926,131.05442337137197
10337.798089881058,65.93160800627008
10338.798070350189,55.480933095493874
10339.79805081932,94.4047620427228
10340.798031288452,76.63962208949557
10341.798011757583,84.20714976684803
10342.797992226715,51.61692493321706
10343.797972695846,28.440963446963867
10344.797953164978,67.78622635331946
10345.797933634109,40.58902446347751
10346.797914103241,94.98938090685975
10347.797894572372,107.48904676252594
10348.797875041504,50.413674947845394
10349.797855510635,97.31866651803402
10350.797835979767,34.62847748282335
10351.797816448898,52.75401784123513
10352.79779691803,32.95591906971885
10353.79777738716,23.396364694634332
10354.797757856293,43.64838417977782
10355.797738325424,31.030963732917062
10356.797718794554,43.96885761462407
10357.797699263687,66.69659930234124
10358.797679732817,62.21479882674983
10359.79766020195,73.48344779637956
10360.79764067108,47.86194621892294
10361.797621140213,25.535537623524952
10362.797601609343,18.50005945865284
10363.797582078476,45.62525501656527
10364.797562547607,88.08397532151987
10365.797543016739,29.18106825807959
10366.79752348587,61.429667494455316
10367.797503955002,43.30832009829088
10368.797484424133,46.409563786310635
10369.797464893265,64.44186091807349
10370.797445362396,73.01443913999528
10371.797425831528,19.85559139977546
10372.797406300659,95.77008688894391
10373.797386769791,51.79193902250255
10374.797367238922,83.37290298327746
10375.797347708052,32.43935239024856
10376.797328177185,63.35727681122647
10377.797308646315,40.62367814127806
10378.797289115448,36.2963044722102
10379.797269584578,57.56821630919748
10380.79725005371,24.171318619706714
10381.797230522841,68.64359661989006
10382.797210991974,64.61787793878
10383.797191461104,77.54682652977041
10384.797171930237,85.16378620536747
10385.797152399367,123.75584097233295
10386.7971328685,50.993848124367716
10387.79711333763,19.971206352003602
10388.797093806763,70.77948195890689
10389.797074275893,41.78380959697689
10390.797054745026,12.212813925027122
10391.797035214156,95.82493035270502
10392.797015683287,53.9131040925854
10393.79699615242,52.52292513673718
10394.79697662155,24.534544796610845
10395.796957090683,44.51607325671786
10396.796937559813,22.022487126325984
10397.796918028946,28.438658558457156
10398.796898498076,11.666146523620865
10399.796878967209,60.574199579204056
10400.79685943634,31.090378368710024
10401.796839905472,27.60591533301032
10402.796820374602,13.289369902564612
10403.796800843735,63.89814901207826
10404.796781312865,81.21051846905031
10405.796761781998,32.783578341611474
10406.796742251128,15.93172420453871
10407.79672272026,90.80076935179666
10408.796703189391,55.94046513874398
10409.796683658522,11.513811060311689
10410.796664127654,65.47385760769158
10411.796644596785,56.18096370374574
10412.796625065917,30.335055814661573
10413.796605535048,47.358371151079396
10414.79658600418,40.55460897022439
10415.796566473311,91.87528430624933
10416.796546942443,53.27108036760805
10417.796527411574,17.84420267189503
10418.796507880706,5.664473156057775
10419.796488349837,25.128799533148637
10420.79646881897,8.021210089450586
10421.7964492881,41.73702674691848
10422.796429757233,20.45020627553288
10423.796410226363,64.7995181146525
10424.796390695496,80.41856565315335
10425.796371164626,50.411772766558755
10426.796351633757,55.41146965989432
10427.79633210289,23.10062921271974
10428.79631257202,15.198527266545778
10429.796293041152,56.22117497493255
10430.796273510283,26.612167862151622
10431.796253979415,13.759915417800666
10432.796234448546,36.2538410946689
10433.796214917678,55.21754774156851
10434.796195386809,80.76503729745136
10435.796175855941,24.096815955435915
10436.796156325072,30.537233030052725
10437.796136794204,47.201524959428404
10438.796117263335,19.309218234714656
10439.796097732467,22.98065876396569
10440.796078201598,67.40873585849283
10441.79605867073,13.968699303995141
10442.796039139861,48.29747076179285
10443.796019608992,28.261235580730457
10444.796000078124,36.85839854776923
10445.795980547255,54.881348236073315
10446.795961016387,36.74292486462767
10447.795941485518,39.85879794586727
10448.79592195465,40.60421507290439
10449.79590242378,34.208163325412265
10450.795882892913,12.148171283794067
10451.795863362044,20.38657411100675
10452.795843831176,24.638139482903828
10453.795824300307,33.950606869298284
10454.79580476944,23.574458405662263
10455.79578523857,32.22831890516571
10456.795765707702,41.46801379629281
10457.795746176833,42.539687475124275
10458.795726645965,74.82819265798224
10459.795707115096,65.86246089928136
10460.795687584226,53.88101950674327
10461.795668053359,76.32660711868314
10462.79564852249,79.53478382410148
10463.795628991622,88.18993283033974
10464.795609460753,45.11760959206472
10465.795589929885,90.33639947342824
10466.795570399016,100.30344823806091
10467.795550868148,71.88704391304401
10468.795531337279,101.70300223981972
10469.795511806411,62.44816834386554
10470.795492275542,54.65796084226691
10471.795472744674,26.073217128451834
10472.795453213805,53.36916308500411
10473.795433682937,73.9825250939437
10474.795414152068,25.476067532810333
10475.7953946212,75.07637234455777
10476.79537509033,4.672864096263959
10477.795355559463,19.98157354000338
10478.795336028594,37.43016408806796
10479.795316497724,34.043093068925714
10480.795296966857,64.05485967855154
10481.795277435987,54.579808512717925
10482.79525790512,30.24582704319712
10483.79523837425,25.62536256467811
10484.795218843383,48.42986204052004
10485.795199312513,19.99050524578293
10486.795179781646,91.85354758618602
10487.795160250776,98.68868206523452
10488.795140719909,35.838053970527746
10489.79512118904,28.24700616476295
10490.795101658172,34.27864604636184
10491.795082127303,57.96693011283396
10492.795062596435,69.74821741649215
10493.795043065566,26.948467031584094
10494.795023534698,24.96199177993939
10495.795004003829,12.020302762197446
10496.79498447296,20.627512874042953
10497.794964942092,40.96832023765531
10498.794945411222,81.4601511055757
10499.794925880355,77.80426704911564
10500.794906349485,15.75645561072579
10501.794886818618,32.88609654558357
10502.794867287748,23.674648701533574
10503.79484775688,29.444932456954092
10504.794828226011,19.412603505425214
10505.794808695144,30.259404309948657
10506.794789164274,26.769207367086807
10507.794769633407,42.06493100884351
10508.794750102537,42.17504740882588
10509.79473057167,39.385826534284064
10510.7947110408,9.686619345669474
10511.794691509933,16.078418944846803
10512.794671979063,34.75232515414422
10513.794652448194,106.66654267232008
10514.794632917326,85.71948356608324
10515.794613386457,124.54632120623695
10516.79459385559,48.779025348028355
10517.79457432472,64.41138045589985
10518.794554793853,69.86133649784622
10519.794535262983,21.070121973575436
10520.794515732116,84.40346459392929
10521.794496201246,91.96397928546892
10522.794476670379,76.34050466008976
10523.79445713951,122.58497847884338
10524.794437608642,128.98757288166576
10525.794418077772,80.87139413157703
10526.794398546905,76.91173605769492
10527.794379016035,26.454443811217494
10528.794359485168,122.652277291383
10529.794339954298,56.16853522502555
10530.794320423429,15.632770850171642
10531.794300892561,72.83240683280853
10532.794281361692,83.40596888591837
10533.794261830824,54.97750391429051
10534.794242299955,26.58534192665183
10535.794222769087,32.304209004432494
10536.794203238218,22.323936586036638
10537.79418370735,41.092786680724174
10538.794164176481,29.115955105810713
10539.794144645613,69.95637048500618
10540.794125114744,51.10027709554696
10541.794105583876,32.460160358149025
10542.794086053007,47.40771226921116
10543.79406652214,41.51070960287935
10544.79404699127,133.04327730302202
10545.794027460403,29.995509636927952
10546.794007929533,13.187204797475694
10547.793988398664,33.54907886179487
10548.793968867796,95.86686348320285
10549.793949336927,29.819882421602827
10550.79392980606,51.9845481018114
10551.79391027519,20.751930089649523
10552.793890744322,70.4507200778404
10553.793871213453,94.61100038228884
10554.793851682585,55.63339626533636
10555.793832151716,64.01852511989246
10556.793812620848,19.90481691558131
10557.793793089979,52.844679974960485
10558.793773559111,46.926714192375016
10559.793754028242,24.349454808856507
10560.793734497374,19.381175651656626
10561.793714966505,71.75434602025008
10562.793695435637,54.63006283839398
10563.793675904768,22.78026238755754
10564.793656373899,37.716398225696516
10565.793636843031,75.01131569938396
10566.793617312162,31.072496102936153
10567.793597781294,27.27441959100734
10568.793578250425,49.46014821898466
10569.793558719557,17.97981984361857
10570.793539188688,74.43822167370627
10571.79351965782,25.729190294122336
10572.79350012695,45.13833115814596
10573.793480596083,8.29546620133494
10574.793461065214,24.73286320462244
10575.793441534346,27.947259954595616
10576.793422003477,55.985740443288314
10577.79340247261,43.97030635934756
10578.79338294174,10.697511234227719
10579.793363410872,18.26894424753721
10580.793343880003,12.501061320545597
10581.793324349135,13.674066558033475
10582.793304818266,31.81177723899758
10583.793285287396,48.10347576873987
10584.793265756529,31.413837316257624
10585.79324622566,20.572673224948733
10586.793226694792,31.35871970712707
10587.793207163922,64.33752592196322
10588.793187633055,12.850929090760722
10589.793168102186,15.320899964810724
10590.793148571318,24.353899155642893
10591.793129040449,6.666579444853261
10592.793109509581,54.76315460492521
10593.793089978712,40.97503613272862
10594.793070447844,47.95189074019975
10595.793050916975,22.813550691134676
10596.793031386107,70.438718702703
10597.793011855238,73.30474523726889
10598.79299232437,25.58267116720941
10599.7929727935,46.47965587581418
10600.792953262631,60.20873981851838
10601.792933731764,102.69469354186522
10602.792914200894,46.17021825765189
10603.792894670027,55.806084954079246
10604.792875139157,39.27998263053968
10605.79285560829,31.473555969600334
10606.79283607742,25.87984132378848
10607.792816546553,51.445945298983155
10608.792797015683,15.383891055084062
10609.792777484816,17.49771776595124
10610.792757953946,41.331192967994674
10611.792738423079,34.122665674869566
10612.79271889221,76.39498377951999
10613.792699361342,58.367014970769
10614.792679830472,20.111356061316435
10615.792660299605,29.248725378886373
10616.792640768736,72.38383488590314
10617.792621237866,121.68241039883672
10618.792601706999,30.61965538445287
10619.79258217613,51.61588277979923
10620.792562645262,27.739058605757076
10621.792543114392,10.828528295672529
10622.792523583525,39.19706421574465
10623.792504052655,37.81084552482431
10624.792484521788,23.408203248731333
10625.792464990918,51.57944758926909
10626.79244546005,39.63088166026452
10627.792425929181,41.693090299092965
10628.792406398314,53.84025114733468
10629.792386867444,20.74068397163318
10630.792367336577,39.14343025479526
10631.792347805707,91.83115257266353
10632.79232827484,91.00826382110131
10633.79230874397,33.40295422997465
10634.792289213101,16.69455188185565
10635.792269682233,28.46600323738197
10636.792250151364,35.13575372699363
10637.792230620496,44.3786722642121
10638.792211089627,21.687078662624092
10639.79219155876,24.44471211589872
10640.79217202789,26.04075232962089
10641.792152497022,62.872989835549106
10642.792132966153,36.20256553188196
10643.792113435286,6.733187057227337
10644.792093904416,10.802587372373768
10645.792074373549,59.211570762998306
10646.79205484268,29.486960740791464
10647.792035311812,29.80846232889989
10648.792015780942,42.46774799645277
10649.791996250075,28.935422127363346
10650.791976719205,44.15739061461634
10651.791957188336,16.66406160555378
10652.791937657468,17.85163573163885
10653.791918126599,37.45659189974977
10654.791898595731,40.15464916315089
10655.791879064862,39.86512358772833
10656.791859533994,38.668869458443965
10657.791840003125,70.6888355721959
10658.791820472257,23.80100041257143
10659.791800941388,39.635341670531254
10660.79178141052,11.862067589938722
10661.791761879651,46.52670199199205
10662.791742348783,65.11172824941717
10663.791722817914,16.856094449252105
10664.791703287046,42.86117228545686
10665.791683756177,63.062258448627915
10666.79166422531,33.48904280656296
10667.79164469444,22.66472666359943
10668.79162516357,20.651432005595623
10669.791605632703,34.14900427738062
10670.791586101834,15.967198714912158
10671.791566570966,32.79266296682246
10672.791547040097,39.93700763492073
10673.79152750923,76.12755807143469
10674.79150797836,29.294591456574448
10675.791488447492,57.31902414133007
10676.791468916623,53.327870199670954
10677.791449385755,95.45229473216781
10678.791429854886,19.36992906799271
10679.791410324018,20.44091153245676
10680.791390793149,101.45463996150434
10681.791371262281,107.91115756804822
10682.791351731412,74.09790238594344
10683.791332200544,57.78871810349151
10684.791312669675,110.56941639775759
10685.791293138805,89.276131453691
10686.791273607938,146.76309376513623
10687.791254077069,34.590962559448364
10688.791234546201,55.95104118211069
10689.791215015332,93.84481131391223
10690.791195484464,91.77549825319684
10691.791175953595,25.534318558149405
10692.791156422727,60.002364250240895
10693.791136891858,33.61244234975449
10694.79111736099,39.79693031614094
10695.79109783012,129.1719992382982
10696.791078299253,81.19353921765467
10697.791058768384,114.68358432839321
10698.791039237516,3.1013951929603047
10699.791019706647,61.049773171728376
10700.79100017578,93.16980607508923
10701.79098064491,49.72758157380558
10702.790961114042,20.409941974301002
10703.790941583173,81.77953484397615
10704.790922052303,61.1305555509479
10705.790902521436,36.963904923671244
10706.790882990566,50.626798162172804
10707.790863459699,99.88450001497182
10708.79084392883,31.444625075235994
10709.790824397962,1.4619325840313333
10710.790804867092,35.31857832039951
10711.790785336225,35.68216971594545
10712.790765805355,16.07118510557723
10713.790746274488,106.31209882970744
10714.790726743619,41.63440932175341
10715.790707212751,54.803276485095715
10716.790687681882,43.33324835993207
10717.790668151014,59.15658107088771
10718.790648620145,39.30779851140423
10719.790629089277,30.024880161902917
10720.790609558408,91.65190976857673
10721.790590027538,80.18813413480835
10722.79057049667,15.698685379427737
10723.790550965801,46.95030446472753
10724.790531434934,36.022773161265114
10725.790511904064,51.794821450123266
10726.790492373197,24.710401788227518
10727.790472842327,20.666201326162764
10728.79045331146,15.739115731653248
10729.79043378059,5.5543692336141435
10730.790414249723,12.267837102128825
10731.790394718853,51.75939181826354
10732.790375187986,36.3857240582192
10733.790355657116,79.11966051677203
10734.790336126249,65.83826431985668
10735.79031659538,92.0242958127142
10736.790297064512,43.949878130780725
10737.790277533642,89.16792488917628
10738.790258002773,84.5532112295011
10739.790238471905,50.14701473343998
10740.790218941036,58.66822555097095
10741.790199410168,20.08156312374635
10742.7901798793,24.482561194691016
10743.790160348432,64.31529646893726
10744.790140817562,82.2502437143734
10745.790121286695,98.94412982106206
10746.790101755825,128.97076129276547
10747.790082224958,45.89006915052721
10748.790062694088,104.17846109791401
10749.79004316322,58.32000868097672
10750.790023632351,58.1848894136666
10751.790004101484,15.506121780438212
10752.789984570614,38.06659275783774
10753.789965039747,27.470377795146128
10754.789945508877,60.838596618909854
10755.789925978008,11.189418742563545
10756.78990644714,24.165808872411933
10757.789886916271,15.569476751792298
10758.789867385403,32.655834091553615
10759.789847854534,27.050579418357852
10760.789828323666,62.32678083142098
10761.789808792797,67.56284245051592
10762.78978926193,33.66895325478524
10763.78976973106,51.5248141405804
10764.789750200192,4.13208103992655
10765.789730669323,58.45758598206126
10766.789711138455,130.67208545215982
10767.789691607586,66.92366396955327
10768.789672076718,28.85096246716578
10769.78965254585,42.569061341761554
10770.789633014982,75.68248107375959
10771.789613484112,64.66132410995685
10772.789593953243,73.63895665986999
10773.789574422375,64.26255885706634
10774.789554891506,30.75330616412649
10775.789535360638,2.8809790150677994
10776.789515829769,51.32945779611252
10777.789496298901,16.148571045336293
10778.789476768032,51.95618305198268
10779.789457237164,73.61051389100761
10780.789437706295,70.07219558595929
10781.789418175427,45.596037737922586
10782.789398644558,74.90455109616732
10783.78937911369,94.50517184715035
10784.78935958282,30.102213983954837
10785.789340051953,19.66682924568905
10786.789320521084,73.80128853291716
10787.789300990216,113.83988837832223
10788.789281459347,23.614608353931143
10789.789261928478,7.231333882154409
10790.78924239761,81.41073114227994
10791.78922286674,46.62262377927745
10792.789203335873,84.40408131902211
10793.789183805004,113.60925828884311
10794.789164274136,39.614141029902356
10795.789144743267,76.21162809831206
10796.789125212399,51.941055862078926
10797.78910568153,37.97642636106404
10798.789086150662,26.285130987049545
10799.789066619793,34.55189281048211
10800.789047088925,18.949811013553624
10801.789027558056,72.1623704973863
10802.789008027188,13.274454885415299
10803.788988496319,33.71983354566351
10804.788968965451,25.462321154802098
10805.788949434582,71.17193548090232
10806.788929903714,60.4886490753476
10807.788910372845,47.840124840601305
10808.788890841975,117.37220845525032
10809.788871311108,38.40453722792295
10810.788851780238,67.43562439540266
10811.78883224937,149.42086834582125
10812.788812718502,42.902265240383926
10813.788793187634,133.54691751620481
10814.788773656765,27.43164577283373
10815.788754125897,63.270319594361965
10816.788734595028,26.06479469985055
10817.78871506416,65.38084148216515
10818.78869553329,58.54304123821253
10819.788676002423,1.374821963470074
10820.788656471554,51.74609066285204
10821.788636940686,75.06139243582223
10822.788617409817,33.20118983254789
10823.788597878949,30.599797033925707
10824.78857834808,87.59286038183092
10825.78855881721,42.2178800237684
10826.788539286343,84.474996181967
10827.788519755473,43.361354815384146
10828.788500224606,8.202463029928973
10829.788480693736,53.66416550341014
10830.788461162869,54.0226009421486
10831.788441632,35.36434650342671
10832.788422101132,131.17449191240732
10833.788402570262,25.763587350212703
10834.788383039395,23.129100973540147
10835.788363508525,46.22025442305096
10836.788343977658,110.58031689255317
10837.788324446788,61.7960662663662
10838.78830491592,27.486508309970866
10839.788285385051,21.819860653086472
10840.788265854184,59.45277558861443
10841.788246323315,57.56171439841504
10842.788226792445,43.18076690110232
10843.788207261578,28.892322259900222
10844.788187730708,18.77719484048855
10845.78816819984,105.08056817874834
10846.788148668971,75.26416634202933
10847.788129138104,42.36287046950641
10848.788109607234,46.39114110203007
10849.788090076367,44.585065719043875
10850.788070545497,20.594857669735852
10851.78805101463,20.56944418089519
10852.78803148376,23.185129120754254
10853.788011952893,116.32132712046152
10854.787992422023,48.98807644261208
10855.787972891156,52.95327389531393
10856.787953360286,72.95077557332563
10857.787933829419,24.38937256895529
10858.78791429855,26.002412554293198
10859.78789476768,39.5923769402059
10860.787875236812,70.41069969165143
10861.787855705943,40.17715234802848
10862.787836175075,33.752338782225806
10863.787816644206,35.1032526500573
10864.787797113338,79.77661206889908
10865.787777582469,68.3865725810432
10866.787758051601,78.27121734177732
10867.787738520732,52.20048650890207
10868.787718989865,60.864315138176295
10869.787699458995,90.0898873565412
10870.787679928128,42.872089266832965
10871.787660397258,24.244987498947758
10872.78764086639,27.621115626002396
10873.787621335521,44.947177068906086
10874.787601804654,40.128264696234815
10875.787582273784,118.86920981000208
10876.787562742915,53.970077984122874
10877.787543212047,73.04205728496422
10878.787523681178,83.53235716893863
10879.78750415031,51.611816884870926
10880.78748461944,49.02103455284455
10881.787465088573,113.75413956104863
10882.787445557704,21.528003690535144
10883.787426026836,46.85359364859369
10884.787406495967,103.89809280861401
10885.7873869651,52.29898084688815
10886.78736743423,49.16560138417311
10887.787347903362,68.16911667740476
10888.787328372493,63.96818838040657
10889.787308841625,75.57795231038072
10890.787289310756,110.99872482299102
10891.787269779888,89.49567433694017
10892.787250249019,49.37453313803747
10893.78723071815,24.95127297300502
10894.787211187282,72.28015915076247
10895.787191656413,15.793002334961525
10896.787172125545,59.572537855733316
10897.787152594676,86.30755305069523
10898.787133063808,35.059785061504954
10899.787113532939,50.400087032943276
10900.787094002071,91.897631223826
10901.787074471202,83.19487112895465
10902.787054940334,88.32994183974183
10903.787035409465,2.224623560701711
10904.787015878597,95.07168469201478
10905.786996347728,90.58470881137663
10906.78697681686,101.16699801564364
10907.78695728599,25.992341037805907
10908.786937755123,30.88616385380369
10909.786918224254,16.70974842231463
10910.786898693386,5.862162604012919
10911.786879162517,44.82463175309802
10912.786859631648,63.28176217399646
10913.78684010078,39.60727097834526
10914.78682056991,31.08999345135342
10915.786801039043,8.538305926116251
10916.786781508174,74.21592235710558
10917.786761977306,69.60664050826131
10918.786742446437,45.67435622346453
10919.786722915569,13.512846884701107
10920.7867033847,91.69794932435828
10921.786683853832,58.7036295249567
10922.786664322963,37.27628388408884
10923.786644792095,42.35535766052414
10924.786625261226,22.577192268814635
10925.786605730358,77.8894450207417
10926.786586199489,78.53534978421442
10927.786566668621,41.89990377188598
10928.786547137752,28.106950224086887
10929.786527606882,48.47392631932613
10930.786508076015,39.436966265962596
10931.786488545145,30.278303022866798
10932.786469014278,37.14725869152322
10933.786449483408,58.23517813685353
10934.78642995254,43.75584691637667
10935.786410421671,18.682549840089166
10936.786390890804,14.573671089776912
10937.786371359934,51.364191441270194
10938.786351829067,74.68908988289944
10939.786332298198,70.70075516360973
10940.78631276733,98.49660049984362
10941.78629323646,61.425670436064124
10942.786273705593,68.74914463935966
10943.786254174724,56.80913649244123
10944.786234643856,17.29319338237646
10945.786215112987,74.36675134688686
10946.786195582117,39.20581350931606
10947.78617605125,46.67254648032077
10948.78615652038,43.44104672793259
10949.786136989513,38.554504110399094
10950.786117458643,85.68827392763727
10951.786097927776,29.92149548215282
10952.786078396906,55.176143940270634
10953.786058866039,58.221522656277074
10954.78603933517,48.29746170388354
10955.786019804302,100.41944359270823
10956.786000273432,94.08004725082321
10957.785980742565,69.30131722585402
10958.785961211695,106.41011536426076
10959.785941680828,84.7398899004074
10960.785922149958,83.18568897108115
10961.78590261909,68.79179977556612
10962.785883088221,114.86404233895075
10963.785863557352,41.23739098981978
10964.785844026484,63.06968050123956
10965.785824495615,69.43037173262863
10966.785804964748,37.28763209264467
10967.785785433878,70.07920502848208
10968.78576590301,42.31682451534226
10969.785746372141,55.93144238883263
10970.785726841274,40.210795149089094
10971.785707310404,59.69871557479196
10972.785687779537,33.07330281946874
10973.785668248667,41.691576399177706
10974.7856487178,33.853155760894914
10975.78562918693,14.972697943306459
10976.785609656063,15.382091135451269
10977.785590125193,53.81767288653302
10978.785570594326,56.28823569170341
10979.785551063456,52.43091373730429
10980.785531532587,59.74460243748066
10981.78551200172,32.64427451876764
10982.78549247085,39.00729441252226
10983.785472939982,7.808706404209528
10984.785453409113,37.73382248180746
10985.785433878245,84.75027708693794
10986.785414347376,47.96677423653835
10987.785394816508,29.060380262860246
10988.785375285639,32.1709493642389
10989.785355754771,76.81904015006134
10990.785336223902,36.6259772773032
10991.785316693034,29.313625807528062
10992.785297162165,75.62021294555691
10993.785277631298,22.32526528070179
10994.785258100428,15.918492035988315
10995.78523856956,43.83215743042846
10996.785219038691,33.34400646362528
10997.785199507822,45.94411126316319
10998.785179976954,54.2123644782568
10999.785160446085,96.19972895516098
11000.785140915217,48.081535586363394
11001.785121384348,50.392260110556855
11002.78510185348,23.893774468249607
11003.78508232261,35.81229423366081
11004.785062791743,39.535849359773934
11005.785043260874,62.00492704405792
11006.785023730006,14.858677981543334
11007.785004199137,45.7178492215748
11008.78498466827,55.7548894098939
11009.7849651374,47.65993739024397
11010.784945606532,27.518360928280213
11011.784926075663,46.122243728461065
11012.784906544795,19.41418763553269
11013.784887013926,33.91192014225952
11014.784867483058,66.60942262727963
11015.784847952189,78.30805414356628
11016.78482842132,78.16405078732011
11017.784808890452,30.696607238305155
11018.784789359583,66.4773772258822
11019.784769828715,70.0424190702044
11020.784750297846,36.98094521026983
11021.784730766978,14.384406434941765
11022.784711236109,43.99154295033563
11023.784691705241,34.00734724882668
11024.784672174372,90.3262215194182
11025.784652643504,48.35706312269571
11026.784633112635,24.128247574097887
11027.784613581767,21.450718890761255
11028.784594050898,34.056845622920626
11029.78457452003,38.18475276679061
11030.78455498916,14.848299709107883
11031.784535458293,50.15597365897157
11032.784515927424,24.68639665926494
11033.784496396554,34.0889120765773
11034.784476865687,9.629967756292688
11035.784457334817,5.574623415613877
11036.78443780395,6.471992987740534
11037.78441827308,26.777223317543143
11038.784398742213,35.059077432721054
11039.784379211344,2.009078566151133
11040.784359680476,39.6219474777016
11041.784340149607,100.61181534586571
11042.784320618739,27.959508027371374
11043.78430108787,21.703342411421822
11044.784281557002,97.4263798011762
11045.784262026133,61.344944958880085
11046.784242495265,102.81239672057733
11047.784222964396,115.95547557857984
11048.784203433528,72.54165523483529
11049.784183902659,26.017098557040672
11050.78416437179,53.24069735169525
11051.784144840922,112.0765668509331
11052.784125310052,124.58448423778174
11053.784105779185,22.385743325042966
11054.784086248315,58.14774559926741
11055.784066717448,58.026523960850184
11056.784047186578,23.388923163069457
11057.78402765571,17.18936140142333
11058.784008124841,20.877436511884035
11059.783988593974,65.28261474306386
11060.783969063104,34.598814694383265
11061.783949532237,65.853176013109
11062.783930001367,58.57890641725978
11063.7839104705,47.36516519250856
11064.78389093963,52.808044861886856
11065.783871408763,64.52880553685415
11066.783851877894,36.521484594273204
11067.783832347024,67.4802903150227
11068.783812816157,39.65751204153145
11069.783793285287,32.29214580037229
11070.78377375442,86.71442072225676
11071.78375422355,65.82726845634943
11072.783734692683,39.485527650050244
11073.783715161813,74.26355109540366
11074.783695630946,41.699841946649684
11075.783676100076,48.828962508431125
11076.783656569209,77.01972417743437
11077.78363703834,40.36477612948576
11078.783617507472,27.797290238562198
11079.783597976602,27.12000087233076
11080.783578445735,50.837391559700535
11081.783558914865,55.19961497366862
11082.783539383998,46.25211875685959
11083.783519853128,76.23647491663401
11084.783500322259,39.32895748734512
11085.783480791391,64.90003388162789
11086.783461260522,48.15220103301696
11087.783441729654,98.52870968368983
11088.783422198785,52.32924514126201
11089.783402667917,57.28473600614107
11090.783383137048,50.021357792501895
11091.78336360618,71.87287072934838
11092.783344075311,9.396301235700987
11093.783324544444,60.12001901158822
11094.783305013574,22.001183960430172
11095.783285482707,39.02417302030727
11096.783265951837,49.106192773297934
11097.78324642097,55.60803620340705
11098.7832268901,0.6161993237711177
11099.783207359233,19.187436450734833
11100.783187828363,14.561108332234278
11101.783168297494,34.66490580294305
11102.783148766626,14.54234969668203
11103.783129235757,66.86988065588945
11104.78310970489,35.80429426323458
11105.78309017402,35.375059792710545
11106.783070643152,54.08561792560598
11107.783051112283,44.52286184202817
11108.783031581415,39.235554319943155
11109.783012050546,20.577333695654996
11110.782992519678,32.58714207669823
11111.782972988809,32.55284424634407
11112.782953457941,41.19808890722776
11113.782933927072,21.750895059713706
11114.782914396204,13.2013906727332
11115.782894865335,26.245499317322444
11116.782875334467,40.39678297069541
11117.782855803598,87.08979538947342
11118.782836272729,79.01796110260761
11119.782816741861,31.993525686243228
11120.782797210992,84.58196885831045
11121.782777680124,39.792342539979515
11122.782758149255,65.6650110282806
11123.782738618387,48.94918417133507
11124.782719087518,94.84557656141928
11125.78269955665,14.250436192555936
11126.78268002578,37.59540857428494
11127.782660494913,86.19639863150714
11128.782640964044,27.136285181799906
11129.782621433176,50.52862041828371
11130.782601902307,46.910066348078736
11131.78258237144,34.96079643926211
11132.78256284057,6.198898405374913
11133.782543309702,51.09655153639097
11134.782523778833,65.7650822909214
11135.782504247965,33.2534314715803
11136.782484717096,35.323359176539036
11137.782465186227,46.95361169943862
11138.782445655359,63.557623572130765
11139.78242612449,31.331909648052914
11140.782406593622,21.72676349548179
11141.782387062753,24.99005217291285
11142.782367531885,28.70744971383979
11143.782348001016,31.54161425361622
11144.782328470148,109.42131839982459
11145.782308939279,43.29974721278876
11146.782289408411,67.88511514151361
11147.782269877542,61.60486740632775
11148.782250346674,40.226528871379585
11149.782230815805,79.07636196188818
11150.782211284937,30.187810210459137
11151.782191754068,56.52199775974951
11152.7821722232,77.83127648699218
11153.78215269233,48.31618681373035
11154.782133161461,30.864624951677627
11155.782113630594,64.53598746459338
11156.782094099724,12.43242858456169
11157.782074568857,24.104623374837
11158.782055037987,96.45632140728995
11159.78203550712,19.87847566906961
11160.78201597625,44.96705525577553
11161.781996445383,73.98805000272084
11162.781976914514,47.41189944543599
11163.781957383646,73.88531660058564
11164.781937852777,25.427293507343578
11165.781918321909,58.96419458961552
11166.78189879104,77.98369076874407
11167.781879260172,65.67989891867664
11168.781859729303,16.762345038737244
11169.781840198435,69.24204976834932
11170.781820667566,77.30423986855399
11171.781801136696,62.3318640622524
11172.781781605829,43.643913337957834
11173.78176207496,52.1906467887428
11174.781742544092,61.63043405299483
11175.781723013222,71.74980923091104
11176.781703482355,122.10227634748594
11177.781683951485,10.862352224422446
11178.781664420618,41.05787169049043
11179.781644889748,34.658952950141085
11180.78162535888,95.69382645595283
11181.781605828011,20.822948195922077
11182.781586297144,56.53399394023141
11183.781566766274,23.69450368206131
11184.781547235407,31.810844421238045
11185.781527704537,26.649515289761233
11186.78150817367,53.30459262774896
11187.7814886428,67.16700230269679
11188.781469111931,82.95258474406666
11189.781449581063,33.61159631350966
11190.781430050194,37.14601817236018
11191.781410519327,42.65187433192227
11192.781390988457,89.18697607933294
11193.78137145759,41.151034607984506
11194.78135192672,96.25662255414102
11195.781332395853,59.375442075395284
11196.781312864983,16.24860682261989
11197.781293334116,40.18540105764307
11198.781273803246,23.465853585488315
11199.781254272379,40.16765251661589
11200.78123474151,72.03719898813081
11201.781215210642,59.985842515712214
11202.781195679772,73.67529970923404
11203.781176148905,73.77143716920573
11204.781156618035,25.304830806314275
11205.781137087166,33.35489405484608
11206.781117556298,30.715455861816338
11207.781098025429,88.87613671662969
11208.781078494561,59.1838135903581
11209.781058963692,35.323395371984454
11210.781039432824,70.59405603820983
11211.781019901955,41.661106637315385
11212.781000371087,89.5143911493094
11213.780980840218,102.0184289163874
11214.78096130935,20.28501418058839
11215.780941778481,27.478486040670465
11216.780922247613,72.7728439244305
11217.780902716744,69.83847879370357
11218.780883185877,39.72099800314748
11219.780863655007,24.293900496486252
11220.78084412414,46.22449822048606
11221.78082459327,60.65897411753048
11222.7808050624,102.40185945367746
11223.780785531533,161.08428488860486
11224.780766000664,95.14393245221619
11225.780746469796,58.81863603934967
11226.780726938927,20.308766130728632
11227.78070740806,41.44722234750446
11228.78068787719,32.07666528397193
11229.780668346322,12.076528222413131
11230.780648815453,10.8151670600326
11231.780629284585,68.8083068795917
11232.780609753716,18.24039669453234
11233.780590222848,60.17180614836024
11234.780570691979,52.897192096526005
11235.780551161111,25.154442715016103
11236.780531630242,38.299988588411225
11237.780512099374,52.94058132795087
11238.780492568505,38.37036765337557
11239.780473037637,31.796342697390237
11240.780453506768,35.292717242591756
11241.780433975899,18.65433437409035
11242.780414445031,57.838087583487656
11243.780394914162,51.67385205606543
11244.780375383294,21.29792010121371
11245.780355852425,36.514468198759715
11246.780336321557,53.02968726873513
11247.780316790688,33.82182183910192
11248.78029725982,44.13109322631529
11249.78027772895,45.280757331665406
11250.780258198083,41.12827925421737
11251.780238667214,39.456824293204704
11252.780219136346,36.549778950363304
11253.780199605477,50.41904986836675
11254.78018007461,93.819491417603
11255.78016054374,38.35793159523439
11256.780141012872,34.16605735770655
11257.780121482003,53.380463023634334
11258.780101951133,52.52936306526531
11259.780082420266,51.10041044717512
11260.780062889397,37.46298220192608
11261.780043358529,38.06081003706605
11262.78002382766,51.3277709339661
11263.780004296792,55.35494293081109
11264.779984765923,77.52133304646144
11265.779965235055,52.671245658637815
11266.779945704186,28.675177812878598
11267.779926173318,59.98520813452652
11268.779906642449,34.639881768306175
11269.779887111581,63.33552260305495
11270.779867580712,47.79644862974245
11271.779848049844,10.293036792639695
11272.779828518975,36.48660758559807
11273.779808988107,29.69551548196867
11274.779789457238,19.092896239605583
11275.779769926368,5.7724958859727975
11276.7797503955,111.99886122034438
11277.779730864631,58.66171271870785
11278.779711333764,36.19965976534538
11279.779691802894,45.044281082033024
11280.779672272027,24.3878547890772
11281.779652741157,14.372678193088701
11282.77963321029,73.23388963533016
11283.77961367942,41.98368058377603
11284.779594148553,17.76447990151976
11285.779574617683,10.908333798506376
11286.779555086816,34.04507071116815
11287.779535555946,41.64343705211112
11288.779516025079,32.75286467245718
11289.77949649421,44.574647181413724
11290.779476963342,40.46753688668343
11291.779457432473,23.0523093637181
11292.779437901603,28.22991546939085
11293.779418370736,17.220136577537918
11294.779398839866,67.46067471673899
11295.779379308999,39.45116309981563
11296.77935977813,25.434178077050916
11297.779340247262,40.35273064209625
11298.779320716392,37.724090501120244
11299.779301185525,24.483467423275687
11300.779281654655,50.87641118308549
11301.779262123788,57.3081854751832
11302.779242592918,68.72277556103009
11303.77922306205,30.86479599289016
11304.779203531181,26.481709306031576
11305.779184000314,34.57877585140421
11306.779164469444,22.867996711473733
11307.779144938577,55.74205951297539
11308.779125407707,20.234254133901736
11309.779105876838,22.376421485095527
11310.77908634597,14.908963158527348
11311.779066815101,13.508147518641529
11312.779047284233,34.84380991491728
11313.779027753364,18.7557261667755
11314.779008222496,10.784660621070033
11315.778988691627,7.885409381299096
11316.77896916076,30.893058346738016
11317.77894962989,10.267334981916777
11318.778930099023,41.286213608258116
11319.778910568153,43.281184877518655
11320.778891037286,19.625306450543096
11321.778871506416,7.735514635229067
11322.778851975549,58.78207778659762
11323.77883244468,44.09401124867653
11324.778812913812,29.139219471238416
11325.778793382942,8.935468967310578
11326.778773852073,6.84473088144843
11327.778754321205,53.470385436934386
11328.778734790336,53.920792404733895
11329.778715259468,62.56646956959169
11330.778695728599,31.755747409724993
11331.778676197731,48.16291280669177
11332.778656666862,48.17134703662637
11333.778637135994,2.6754988698970474
11334.778617605125,14.692542728616003
11335.778598074257,74.5458628421323
11336.778578543388,18.98837499461893
11337.77855901252,31.43492127149632
11338.778539481651,48.649219993660225
11339.778519950783,43.330036651305846
11340.778500419914,57.27475734610921
11341.778480889046,67.35369374778126
11342.778461358177,51.905811947051426
11343.77844182731,33.77810686549647
11344.77842229644,82.94724530877997
11345.77840276557,60.655274585299885
11346.778383234703,46.020281560465136
11347.778363703834,40.630332195719284
11348.778344172966,56.22006167431323
11349.778324642097,52.670406822442665
11350.77830511123,6.590600861917105
11351.77828558036,85.1832338089968
11352.778266049492,2.6245323170819534
11353.778246518623,29.61666844882437
11354.778226987755,14.87382700726384
11355.778207456886,88.03772704079641
11356.778187926018,48.01723046789698
11357.778168395149,85.3761602992056
11358.778148864281,43.5168802737299
11359.778129333412,53.67525370236968
11360.778109802544,78.48557440011011
11361.778090271675,128.34125850387755
11362.778070740806,31.954775040532635
11363.778051209938,63.21606027162447
11364.778031679069,31.70713479384922
11365.778012148201,124.19752605359234
11366.777992617332,35.45531407201973
11367.777973086464,60.60314428057086
11368.777953555595,32.52465155531645
11369.777934024727,43.01874242159927
11370.777914493858,104.2536451801542
11371.77789496299,96.78994109139674
11372.77787543212,61.60413521835764
11373.777855901253,46.11494129118196
11374.777836370384,39.98111739228874
11375.777816839516,34.143922234205235
11376.777797308647,74.75957922026383
11377.77777777778,64.7429215068228
11378.77775824691,53.419999858696436
11379.77773871604,12.983258200874289
11380.777719185173,60.323067085711344
11381.777699654303,10.600951268304659
11382.777680123436,47.23672570704343
11383.777660592566,24.707802983580287
11384.777641061699,55.24289978978609
11385.77762153083,133.5473148138668
11386.777601999962,42.33438087235098
11387.777582469093,87.8437668152287
11388.777562938225,79.99827414735343
11389.777543407356,23.83504997433156
11390.777523876488,85.66531895607186
11391.777504345619,35.5850157866941
11392.777484814751,39.95472801386208
11393.777465283882,62.16122142155496
11394.777445753014,106.07530922422255
11395.777426222145,46.51832162832018
11396.777406691275,48.491980135229
11397.777387160408,16.99474604046703
11398.777367629538,13.138533788680713
11399.77734809867,42.62843309082705
11400.777328567801,30.893312114833474
11401.777309036934,15.744633345723273
11402.777289506064,41.47368029606843
11403.777269975197,21.10299791219353
11404.777250444327,63.30754408948763
11405.77723091346,34.55068044976746
11406.77721138259,72.72370020133347
11407.777191851723,42.98249369181035
11408.777172320853,22.272702911761098
11409.777152789986,39.68410883322984
11410.777133259116,37.70111328661203
11411.777113728249,28.30182602181714
11412.77709419738,29.40429113631969
11413.77707466651,66.7963460830817
11414.777055135643,71.00902824755981
11415.777035604773,19.133215043149942
11416.777016073906,25.90259224475937
11417.776996543036,37.94569234094454
11418.776977012169,22.329157701127517
11419.7769574813,67.61027405727415
11420.776937950432,25.7748346527992
11421.776918419562,8.732497014183771
11422.776898888695,74.98776630144407
11423.776879357825,28.894106304325017
11424.776859826958,31.531399507563947
11425.776840296088,25.303275213014793
11426.77682076522,33.378191358933165
11427.776801234351,47.995303030307
11428.776781703484,14.698133381599202
11429.776762172614,36.32717368383085
11430.776742641745,30.697116392881295
11431.776723110877,23.23141748144636
11432.776703580008,34.09632343146972
11433.77668404914,44.522487943003696
11434.776664518271,20.44634578975095
11435.776644987403,20.151860229595236
11436.776625456534,28.671674164510637
11437.776605925666,25.21101100257543
11438.776586394797,28.141161185388942
11439.77656686393,47.27807398102706
11440.77654733306,36.96274638177627
11441.776527802193,46.65533854880333
11442.776508271323,30.31170638812051
11443.776488740456,58.52895791656446
11444.776469209586,76.20551510555511
11445.776449678719,42.136043842119925
11446.77643014785,23.05379598731703
11447.776410616982,62.98025334433726
11448.776391086112,43.820752316580126
11449.776371555243,30.997248799467457
11450.776352024375,72.50338418427542
11451.776332493506,31.306336564252874
11452.776312962638,32.83259363288133
11453.776293431769,59.425539950763856
11454.776273900901,65.25122693232979
11455.776254370032,29.212054551957564
11456.776234839164,58.743148051768515
11457.776215308295,63.85873448906503
11458.776195777427,25.787779169965823
11459.776176246558,92.36936196476452
11460.77615671569,44.43265701383202
11461.776137184821,71.21323207674776
11462.776117653953,54.849478406378054
11463.776098123084,27.226394132094757
11464.776078592216,61.533492108590956
11465.776059061347,43.9223215832074
11466.776039530478,44.06751228503922
11467.77601999961,99.7675635497453
11468.77600046874,17.398808637135776
11469.775980937873,69.54493901332677
11470.775961407004,35.88655296636564
11471.775941876136,15.551975920376048
11472.775922345267,65.96121278215558
11473.7759028144,55.469221868176646
11474.77588328353,38.60054862875794
11475.775863752662,74.26705779314456
11476.775844221793,36.04267941733771
11477.775824690925,53.338650622184424
11478.775805160056,11.805133738617055
11479.775785629188,40.0008418022345
11480.775766098319,17.246652676715257
11481.775746567451,45.5401961821999
11482.775727036582,65.39299130938777
11483.775707505712,20.594500781991623
11484.775687974845,60.24094713521342
11485.775668443976,30.91421801960809
11486.775648913108,60.31136060379638
11487.775629382239,13.30217962733403
11488.775609851371,31.52433677590203
11489.775590320502,61.776865890301885
11490.775570789634,39.323685686787904
11491.775551258765,88.26564104095092
11492.775531727897,55.56433520398047
11493.775512197028,35.25272650724015
11494.77549266616,33.102457634808836
11495.77547313529,29.403823503423396
11496.775453604423,28.851471333370185
11497.775434073554,61.92538140173206
11498.775414542686,13.810724257227264
11499.775395011817,67.32530023361332
11500.775375480947,63.121855248221216
11501.77535595008,25.95054322907617
11502.77533641921,26.322929999515736
11503.775316888343,73.50075961832194
11504.775297357473,26.250671086133263
11505.775277826606,37.37834960213423
11506.775258295736,19.128390389515776
11507.775238764869,49.057846954297
11508.775219234,30.127862316922645
11509.775199703132,51.71819199172628
11510.775180172262,51.51261522714307
11511.775160641395,37.599485823757114
11512.775141110526,21.570994753748877
11513.775121579658,13.063105914808169
11514.775102048789,16.026878640099298
11515.775082517921,37.851198294654
11516.775062987052,28.758187129581984
11517.775043456182,67.21867710498749
11518.775023925315,21.955880528226324
11519.775004394445,30.828515389836383
11520.774984863578,42.9254623566663
11521.774965332708,28.711719217721996
11522.77494580184,57.48741246260085
11523.774926270971,69.193090772389
11524.774906740104,22.000294936215283
11525.774887209234,61.29846329491363
11526.774867678367,41.6530373648665
11527.774848147497,53.08957753631398
11528.77482861663,51.10016383097233
11529.77480908576,143.63082783742664
11530.774789554893,52.05582990894585
11531.774770024023,75.03471741252251
11532.774750493156,46.144094989578406
11533.774730962286,78.4596298328171
11534.774711431417,93.5284138314712
11535.77469190055,57.77978238484798
11536.77467236968,145.72842795504195
11537.774652838812,25.009793245166648
11538.774633307943,61.17956246379734
11539.774613777076,32.394609250451836
11540.774594246206,28.068520680160166
11541.774574715339,51.739330276126886
11542.77455518447,75.14200984260502
11543.774535653602,30.44167090332985
11544.774516122732,65.52906292867037
11545.774496591865,20.797628326328606
11546.774477060995,21.960201245227584
11547.774457530128,43.437073419827215
11548.774437999258,8.525564878784257
11549.77441846839,23.741614360037968
11550.774398937521,21.119482118516785
11551.774379406652,90.76212177164436
11552.774359875784,62.100466440315124
11553.774340344915,99.56397283644267
11554.774320814047,40.99169071315093
11555.774301283178,16.569911702684966
11556.77428175231,45.95118580378772
11557.774262221441,43.640753465155775
11558.774242690573,75.76889194711225
11559.774223159704,35.99906246672555
11560.774203628836,38.54705680872752
11561.774184097967,113.13952389451246
11562.7741645671,18.54371906450406
11563.77414503623,77.37616026238139
11564.774125505362,10.166246850961633
11565.774105974493,43.71055829848416
11566.774086443625,78.32521930685286
11567.774066912756,41.718247689678066
11568.774047381889,18.14820389080687
11569.77402785102,11.391486186897936
11570.77400832015,49.45788625346047
11571.773988789282,70.44881868067858
11572.773969258413,69.40654473236097
11573.773949727545,28.43321617842517
11574.773930196676,71.43227645170786
11575.773910665808,41.93265047557458
11576.773891134939,35.83752798133522
11577.773871604071,45.69823033075659
11578.773852073202,52.67175614702657
11579.773832542334,84.24660231534753
11580.773813011465,53.614762615152955
11581.773793480597,28.161522607617716
11582.773773949728,39.59118460837484
11583.77375441886,13.144692862132993
11584.773734887991,81.6230334405978
11585.773715357123,119.11051058437363
11586.773695826254,36.293911509368606
11587.773676295385,31.849577616595518
11588.773656764517,28.36723986102329
11589.773637233648,37.41250081782995
11590.77361770278,42.596859470894394
11591.77359817191,21.08289096746938
11592.773578641043,60.94860360275503
11593.773559110174,17.230469212368753
11594.773539579306,3.6172273322290933
11595.773520048437,60.23899784710749
11596.77350051757,47.09274999033956
11597.7734809867,23.907191607483615
11598.773461455832,36.09239746051275
11599.773441924963,58.448549025064416
11600.773422394095,44.108962992689726
11601.773402863226,23.52675874407412
11602.773383332358,10.838067249516687
11603.773363801489,43.085286234767075
11604.77334427062,32.32754396605381
11605.773324739752,12.56390868786013
11606.773305208882,49.40984833214021
11607.773285678015,61.96954933630509
11608.773266147145,38.80894861707968
11609.773246616278,62.05199768681672
11610.773227085409,54.94395058499704
11611.773207554541,44.3013822082122
11612.773188023672,18.009526343176773
11613.773168492804,19.407303703917172
11614.773148961935,70.34890836277853
11615.773129431067,30.187219652065885
11616.773109900198,30.158834006689926
11617.77309036933,19.265999273221844
11618.77307083846,16.79136568914453
11619.773051307593,43.999069086245726
11620.773031776724,36.778877191590446
11621.773012245854,52.49986160370347
11622.772992714987,25.222490980765357
11623.772973184117,58.759122314191615
11624.77295365325,16.40904336503237
11625.77293412238,70.76613699812636
11626.772914591513,26.486717496374126
11627.772895060643,21.695157436288415
11628.772875529776,52.49793012162946
11629.772855998906,66.23348748489882
11630.772836468039,3.1370345415219294
11631.77281693717,37.7732817133844
11632.772797406302,21.18071783113349
11633.772777875432,55.27277725939406
11634.772758344565,20.41905950511569
11635.772738813695,48.95848928602937
11636.772719282828,12.374975897552265
11637.772699751958,37.85648670677788
11638.77268022109,75.24423445737469
11639.772660690222,26.167410143026014
11640.772641159352,13.633487757828568
11641.772621628485,45.92010415505631
11642.772602097615,20.027054273332126
11643.772582566748,42.057258290185864
11644.772563035878,5.448940298508866
11645.77254350501,18.454499431517487
11646.772523974141,54.03105152418622
11647.772504443274,35.174064462262
11648.772484912404,66.66244800354889
11649.772465381537,39.897185710583614
11650.772445850667,48.44610796509054
11651.7724263198,32.85053215061775
11652.77240678893,39.244143727161365
11653.772387258063,28.44737147960758
11654.772367727193,46.003289119441
11655.772348196324,14.296167962034572
11656.772328665456,37.235110638269525
11657.772309134587,50.13052394629968
11658.77228960372,42.83040552666505
11659.77227007285,34.663435493764126
11660.772250541982,41.54793541434924
11661.772231011113,55.43344633159326
11662.772211480245,36.01864123781383
11663.772191949376,15.404208993477274
11664.772172418508,26.686813089453103
11665.77215288764,26.484977653813893
11666.772133356772,51.1367518972956
11667.772113825902,32.70981000161072
11668.772094295035,2.2735362165456103
11669.772074764165,22.097736613276293
11670.772055233298,31.96263927403339
11671.772035702428,60.243372819961316
11672.77201617156,71.523402607143
11673.771996640691,27.08268857445544
11674.771977109822,37.334675062050394
11675.771957578954,83.03236187590734
11676.771938048085,56.88650164465431
11677.771918517217,18.732295119844345
11678.771898986348,65.94065286621344
11679.77187945548,34.40530505066589
11680.77185992461,17.994128289023013
11681.771840393743,28.017865647675592
11682.771820862874,78.85201826118599
11683.771801332006,36.97695842098268
11684.771781801137,11.71663048195473
11685.77176227027,6.852837523215712
11686.7717427394,15.69134167637794
11687.771723208532,38.676226587898235
11688.771703677663,41.83879879669684
11689.771684146795,60.13695262836998
11690.771664615926,24.75156637723949
11691.771645085057,12.765745540837068
11692.771625554189,14.293239769399788
11693.77160602332,76.99881320465954
11694.771586492452,75.35475261901249
11695.771566961583,37.410653477392366
11696.771547430715,83.73435189028811
11697.771527899846,36.40014721438073
11698.771508368978,23.23638261688221
11699.771488838109,24.319974522373172
11700.771469307241,48.24751630344516
11701.771449776372,44.930694134525844
11702.771430245504,61.643188180841946
11703.771410714635,48.08981197844252
11704.771391183767,47.8671326840873
11705.771371652898,73.97386390431951
11706.77135212203,23.828197808380896
11707.77133259116,6.476712146543438
11708.771313060292,39.042701137294976
11709.771293529424,51.415379531270595
11710.771273998555,31.55731547930662
11711.771254467687,21.57144123207802
11712.771234936818,34.259323196072444
11713.77121540595,71.06698132148148
11714.77119587508,17.44147578290746
11715.771176344213,11.952166602613667
11716.771156813344,39.59120265470365
11717.771137282476,45.8290599696948
11718.771117751607,51.28954747194915
11719.771098220739,36.76393729268071
11720.77107868987,31.809133464575776
11721.771059159002,55.80410460540682
11722.771039628133,43.892475973971834
11723.771020097265,51.46602577208297
11724.771000566396,21.248573673632674
11725.770981035526,3.009360426914358
11726.770961504659,28.91243068781735
11727.77094197379,40.6818906315562
11728.770922442922,43.84581160128597
11729.770902912052,36.15876910589195
11730.770883381185,34.10682356687587
11731.770863850315,26.090122834340058
11732.770844319448,74.61012318719455
11733.770824788578,50.153516871722694
11734.77080525771,30.46780902051285
11735.770785726841,66.2841769951935
11736.770766195974,4.9644083583425855
11737.770746665105,38.80448182421857
11738.770727134237,25.777541119200983
11739.770707603368,22.384614577822884
11740.7706880725,19.351473361186965
11741.77066854163,17.9126434960011
11742.770649010761,16.789143709168968
11743.770629479894,24.81548596384571
11744.770609949024,57.694139823743434
11745.770590418157,55.43518794421711
11746.770570887287,58.03471324877061
11747.77055135642,46.52234648237518
11748.77053182555,29.133259081830275
11749.770512294683,27.144122057993123
11750.770492763813,67.96908070326188
11751.770473232946,49.400302950198125
11752.770453702076,38.40606298315065
11753.770434171209,24.036715493860488
11754.77041464034,14.31623399670733
11755.770395109472,13.690785138725458
11756.770375578602,32.053922977510716
11757.770356047735,42.30641389478431
11758.770336516865,27.663019444169628
11759.770316985996,20.69954786208165
11760.770297455128,26.44922433376913
11761.770277924259,73.59350039413928
11762.770258393391,68.66860152544577
11763.770238862522,45.8399314693613
11764.770219331655,34.82162234755663
11765.770199800785,42.1412430445764
11766.770180269918,17.700769711526252
11767.770160739048,19.238590741428936
11768.77014120818,34.72660196009593
11769.770121677311,36.42134843319326
11770.770102146444,1.484427368487551
11771.770082615574,42.3397273730589
11772.770063084707,31.661022475047876
11773.770043553837,57.785236636727916
11774.77002402297,15.304633857897034
11775.7700044921,129.458131867186
11776.769984961233,84.85775951854329
11777.769965430363,85.81716311962444
11778.769945899494,68.79697788774459
11779.769926368626,33.896331628183745
11780.769906837757,26.93690300522853
11781.76988730689,68.275426566036
11782.76986777602,85.96935564788947
11783.769848245152,57.83702682584928
11784.769828714283,87.86324289949783
11785.769809183415,35.2470430700756
11786.769789652546,33.750771442315404
11787.769770121678,92.48693620068454
11788.769750590809,22.144016454777976
11789.769731059941,69.99183844567978
11790.769711529072,71.82468148449266
11791.769691998205,67.56510834525982
11792.769672467335,74.48986803341207
11793.769652936468,16.846474760957943
11794.769633405598,1.603641692807357
11795.769613874729,30.18019445917284
11796.769594343861,36.62502577304448
11797.769574812992,58.26717505389247
11798.769555282124,58.956292583322
11799.769535751255,31.993108135507523
11800.769516220387,27.65151151311753
11801.769496689518,65.202946044386
11802.76947715865,79.49139683682186
11803.76945762778,33.299368851420844
11804.769438096913,22.392002753229008
11805.769418566044,96.58176392002021
11806.769399035176,81.74934345595905
11807.769379504307,65.63619620429523
11808.76935997344,30.800257001979976
11809.76934044257,34.05445353407515
11810.769320911702,43.62857863032271
11811.769301380833,48.92485293127154
11812.769281849964,78.94370505159229
11813.769262319096,71.38849991855156
11814.769242788227,18.231351950672533
11815.769223257359,16.23706049685056
11816.76920372649,50.13287116225336
11817.769184195622,38.22715122573085
11818.769164664753,20.480458529903622
11819.769145133885,66.85905103271736
11820.769125603016,31.848787757035545
11821.769106072148,25.897561222052023
11822.769086541279,6.0105271522828225
11823.769067010411,25.186660535663535
11824.769047479542,4.524809157758175
11825.769027948674,23.800475722128226
11826.769008417805,45.78708606669273
11827.768988886937,63.33622820362404
11828.768969356068,39.22952550571724
11829.768949825198,31.700632746542613
11830.76893029433,27.517731631582052
11831.768910763461,25.373098002688867
11832.768891232594,34.677173371326745
11833.768871701724,29.894754693282195
11834.768852170857,43.80500384809104
11835.768832639988,74.54747770383487
11836.76881310912,46.20330295840355
11837.76879357825,76.70772380122108
11838.768774047383,62.34631605319439
11839.768754516514,43.725939642858734
11840.768734985646,18.081848918145397
11841.768715454777,26.104033015981518
11842.768695923909,45.01495465452858
11843.76867639304,28.297211276134426
11844.768656862172,33.25872503489866
11845.768637331303,37.270405422656864
11846.768617800433,8.16286979509931
11847.768598269566,16.232636392191694
11848.768578738696,61.09145598940681
11849.768559207829,54.99709529870455
11850.76853967696,42.712564003248865
11851.768520146092,62.176455686457885
11852.768500615222,12.159263704184612
11853.768481084355,79.63202020337351
11854.768461553485,77.72054289082202
11855.768442022618,78.31115364180977
11856.768422491748,43.15162238098823
11857.76840296088,71.92008046250574
11858.768383430011,43.24293741608598
11859.768363899144,69.7127578265005
11860.768344368274,58.43369143160943
11861.768324837407,67.24264444852355
11862.768305306538,50.5197274750167
11863.768285775668,28.907013531079578
11864.7682662448,68.44033716428359
11865.768246713931,11.613205817640742
11866.768227183064,57.763270573917794
11867.768207652194,60.64504999076956
11868.768188121327,29.212156020778963
11869.768168590457,56.29762083985983
11870.76814905959,42.65003934519426
11871.76812952872,29.058793107161247
11872.768109997853,68.67261594427823
11873.768090466983,29.928562700194593
11874.768070936116,25.499923215301294
11875.768051405246,30.672969826873064
11876.768031874379,35.793945962125576
11877.76801234351,25.160114797258345
11878.767992812642,36.465827448341685
11879.767973281772,65.24418089656524
11880.767953750903,46.82829935986503
11881.767934220035,41.19889307989457
11882.767914689166,29.744624583041038
11883.767895158298,36.29865995574137
11884.767875627429,39.84628876353224
11885.767856096561,20.634199768944487
11886.767836565692,73.11562829821729
11887.767817034824,9.010284619197856
11888.767797503955,17.264502026608373
11889.767777973088,18.66685863158196
11890.767758442218,24.978114494043385
11891.76773891135,19.16696239045526
11892.767719380481,76.0388205306589
11893.767699849614,65.60775085574762
11894.767680318744,22.87113220053298
11895.767660787877,55.53813303156623
11896.767641257007,37.60026122892341
11897.76762172614,32.24140283330867
11898.76760219527,43.466683963274924
11899.7675826644,59.007194880701846
11900.767563133533,25.089238470896316
11901.767543602664,59.055899930550765
11902.767524071796,19.597423098558227
11903.767504540927,101.86466165655777
11904.76748501006,58.57095412757046
11905.76746547919,14.18721431083028
11906.767445948322,31.116973699493816
11907.767426417453,33.887881813356586
11908.767406886585,51.94560166554072
11909.767387355716,105.94885457036646
11910.767367824848,51.986401972187046
11911.767348293979,38.83480252624208
11912.767328763111,21.888528987513286
11913.767309232242,52.45652466676245
11914.767289701374,16.582700718600506
11915.767270170505,49.76239622865748
11916.767250639636,17.694466511360364
11917.767231108768,27.806390406328514
11918.767211577899,18.45975666946039
11919.767192047031,26.0786752327094
11920.767172516162,18.94980200844903
11921.767152985294,26.81277031436937
11922.767133454425,18.796092255348707
11923.767113923557,41.150549842777544
11924.767094392688,10.933047683267029
11925.76707486182,26.605083742840765
11926.76705533095,53.98773308332742
11927.767035800083,59.463082393943886
11928.767016269214,79.51242724711763
11929.766996738346,23.552609620858586
11930.766977207477,36.508364551417486
11931.76695767661,26.09750038464153
11932.76693814574,38.92818582442996
11933.76691861487,44.31741254249798
11934.766899084003,10.89363682145978
11935.766879553134,26.079465064741655
11936.766860022266,28.974942847630437
11937.766840491397,14.21288000747287
11938.766820960529,51.59779530688317
11939.76680142966,4.526222711657909
11940.766781898792,41.60599606060291
11941.766762367923,56.07670821544841
11942.766742837055,30.535830083657753
11943.766723306186,18.174944980878237
11944.766703775318,34.39374830163117
11945.766684244449,45.339126498715004
11946.766664713581,40.43148636479249
11947.766645182712,28.977399190251738
11948.766625651844,20.943454035930603
11949.766606120975,4.272325524243873
11950.766586590105,48.43776277265636
11951.766567059238,7.013638658806855
11952.766547528368,76.65089393011631
11953.7665279975,62.31902564020125
11954.766508466631,64.75871201425872
11955.766488935764,38.51627888193465
11956.766469404894,41.05887285758226
11957.766449874027,25.794642048039478
11958.766430343157,34.996158309811165
11959.76641081229,33.446639991165874
11960.76639128142,35.48297225203596
11961.766371750553,16.77357627359602
11962.766352219684,93.28491788749562
11963.766332688816,40.53752737096739
11964.766313157947,55.92241935148455
11965.766293627079,25.494222128192437
11966.76627409621,46.42354706544576
11967.76625456534,22.89634593025187
11968.766235034473,13.850134325632169
11969.766215503603,65.9633754573301
11970.766195972736,15.251236566065458
11971.766176441866,35.99227775497272
11972.766156910999,40.33846815292427
11973.76613738013,53.87172719962179
11974.766117849262,45.13429130293822
11975.766098318392,41.481137387564445
11976.766078787525,15.883778349634085
11977.766059256655,34.93544299405382
11978.766039725788,31.915752511505794
11979.766020194918,18.65380944119447
11980.76600066405,61.75757815778968
11981.765981133181,57.44472088123203
11982.765961602314,29.880415045970445
11983.765942071444,60.125668681542464
11984.765922540575,17.280809081344902
11985.765903009707,31.169422855657487
11986.765883478838,37.048144198255706
11987.76586394797,27.832110768127347
11988.765844417101,30.68495101098631
11989.765824886234,2.064740181390654
11990.765805355364,28.915718954352563
11991.765785824497,6.587366516576526
11992.765766293627,19.578768625598244
11993.76574676276,26.08176856765172
11994.76572723189,41.148815811755675
11995.765707701023,58.36113197426925
11996.765688170153,57.11659030166082
11997.765668639286,65.44016928917762
11998.765649108416,48.84654669340317
11999.765629577549,59.20711208416314
12000.76561004668,89.70967970165924
12001.765590515812,48.070079040916056
12002.765570984942,77.58034015507538
12003.765551454073,23.839516828105154
12004.765531923205,44.603049915231324
12005.765512392336,50.88430286927207
12006.765492861468,55.175501784934106
12007.765473330599,25.408991853972527
12008.765453799731,39.79382876301528
12009.765434268862,32.26948433027725
12010.765414737994,32.160079036139116
12011.765395207125,15.60682263626128
12012.765375676257,39.29854211730089
12013.765356145388,90.54303715100632
12014.76533661452,30.01525228448595
12015.765317083651,46.760374415476235
12016.765297552784,9.691035025500396
12017.765278021914,14.934710036109479
12018.765258491047,10.039727909658817
12019.765238960177,15.738231791451659
12020.765219429308,13.330907911400837
12021.76519989844,26.02081855272969
12022.76518036757,15.327582057279665
12023.765160836703,33.804547287755796
12024.765141305834,37.564182870408715
12025.765121774966,43.08229988471393
12026.765102244097,66.6732991715774
12027.76508271323,19.652627857245466
12028.76506318236,13.601942806144438
12029.765043651492,32.344579170729496
12030.765024120623,33.6804352985592
12031.765004589755,17.67354469996192
12032.764985058886,18.342724998107673
12033.764965528018,10.306497260320654
12034.764945997149,30.05712950316582
12035.764926466281,13.140702901088066
12036.764906935412,42.653180050442465
12037.764887404543,31.779896563479426
12038.764867873675,43.363365165666984
12039.764848342806,16.557696402346462
12040.764828811938,34.50512907347166
12041.764809281069,20.876701075368008
12042.764789750201,25.40912927113376
12043.764770219332,32.889856018838366
12044.764750688464,72.98119943019547
12045.764731157595,36.76954179669349
12046.764711626727,17.975166207431897
12047.764692095858,27.1492421728568
12048.76467256499,78.93948288608274
12049.76465303412,36.189552571069285
12050.764633503253,58.40020141707351
12051.764613972384,39.960854033921024
12052.764594441516,46.98529507226826
12053.764574910647,81.31054134449758
12054.764555379777,110.53313496883776
12055.76453584891,43.519563080877525
12056.76451631804,47.97846458684354
12057.764496787173,24.90471549418443
12058.764477256304,88.88300501832248
12059.764457725436,72.55830570376675
12060.764438194567,28.08680437252026
12061.764418663699,51.744070039038235
12062.76439913283,19.442134706601248
12063.764379601962,17.499963376713655
12064.764360071093,58.495438302425924
12065.764340540225,14.750756272731893
12066.764321009356,23.049865638669537
12067.764301478488,7.429805450898934
12068.764281947619,55.15017896708839
12069.764262416751,44.4879904846637
12070.764242885882,53.54745302488828
12071.764223355012,15.563405106824273
12072.764203824145,30.03206463291309
12073.764184293275,14.076903230256615
12074.764164762408,39.56377124918073
12075.764145231538,53.92623750403155
12076.76412570067,65.63489185628713
12077.764106169801,74.47063192027238
12078.764086638934,41.6952262723671
12079.764067108064,18.46248618419777
12080.764047577197,35.87589274785376
12081.764028046327,57.639980042200385
12082.76400851546,12.284724653092896
12083.76398898459,11.73382065851119
12084.763969453723,89.08418717789425
12085.763949922853,84.38204194625462
12086.763930391986,8.595051184197757
12087.763910861117,51.55115323129824
12088.763891330247,112.74952481382446
12089.76387179938,68.40092312572726
12090.76385226851,71.26178728543229
12091.763832737643,23.236186585836656
12092.763813206773,137.51081691548754
12093.763793675906,68.18510451602714
12094.763774145036,18.305657748107723
12095.763754614169,41.527983696818474
12096.7637350833,77.42496970512147
12097.763715552432,39.75655508939394
12098.763696021562,87.90148586076864
12099.763676490695,55.85889052893416
12100.763656959825,100.80901414421987
12101.763637428958,27.67043463317388
12102.763617898088,34.25346666507198
12103.76359836722,12.19521233931332
12104.763578836351,45.48676470995838
12105.763559305484,38.420514175712015
12106.763539774614,25.097678733584075
12107.763520243745,103.98283136699543
12108.763500712877,54.51333232351144
12109.763481182008,9.100613802942485
12110.76346165114,34.472011722155514
12111.763442120271,38.278459805766175
12112.763422589403,40.85041985382919
12113.763403058534,36.88069525482987
12114.763383527667,49.64911377240313
12115.763363996797,41.71488612696485
12116.76334446593,39.924601494430185
12117.76332493506,31.782242789656067
12118.763305404193,34.88029990567702
12119.763285873323,8.430764531422408
12120.763266342456,45.00786422695369
12121.763246811586,29.37102851049345
12122.763227280719,38.737871880915215
12123.76320774985,21.30189322494943
12124.76318821898,27.891298877158928
12125.763168688112,32.91360690116268
12126.763149157243,63.425044986278266
12127.763129626375,70.31062365443566
12128.763110095506,39.87678128116442
12129.763090564638,29.973083114907567
12130.763071033769,27.41595640622701
12131.763051502901,2.3751922107801464
12132.763031972032,71.82569897200611
12133.763012441164,90.33744317900228
12134.762992910295,54.44101951918539
12135.762973379427,62.24207258869249
12136.762953848558,22.05842953819516
12137.76293431769,41.71184009963185
12138.762914786821,82.59125512256172
12139.762895255953,38.34922134047079
12140.762875725084,52.43555599460217
12141.762856194215,45.718980017084704
12142.762836663347,84.7651609212624
12143.762817132478,69.54716001789572
12144.76279760161,61.40674395734737
12145.76277807074,50.797099504363814
12146.762758539873,80.62880539663706
12147.762739009004,82.30470447226406
12148.762719478136,45.922239835175716
12149.762699947267,45.72112259473996
12150.7626804164,35.592466996001335
12151.76266088553,46.57964498581652
12152.762641354662,38.431262195593696
12153.762621823793,63.54567941979954
12154.762602292925,61.16458446121487
12155.762582762056,27.4085096546058
12156.762563231188,46.10306844628149
12157.762543700319,12.956123712582002
12158.76252416945,76.93682120062195
12159.762504638582,29.61007943416154
12160.762485107713,59.1930687443358
12161.762465576845,31.007437188711457
12162.762446045976,34.39028113793906
12163.762426515108,80.78350594181924
12164.762406984239,32.4063199418559
12165.762387453371,50.437606953288295
12166.762367922502,38.831061367535774
12167.762348391634,39.46480540989042
12168.762328860765,52.356710995907065
12169.762309329897,43.99625768742857
12170.762289799028,53.07892288724672
12171.76227026816,58.326595080901015
12172.76225073729,20.89576011497854
12173.762231206423,45.03228203564948
12174.762211675554,21.858799969393214
12175.762192144684,11.334646262868608
12176.762172613817,27.982379316324597
12177.762153082947,19.27346137961749
12178.76213355208,24.947877729385567
12179.76211402121,10.115244866215031
12180.762094490343,21.62162401374313
12181.762074959473,48.399563524777896
12182.762055428606,41.26771133079244
12183.762035897736,80.09756947482582
12184.762016366869,55.76903787247314
12185.761996836,49.45536681593964
12186.761977305132,26.381387551343806
12187.761957774263,34.858742177289436
12188.761938243395,29.272363972032515
12189.761918712526,62.5457108921778
12190.761899181658,58.601814209825726
12191.761879650789,39.29105853799822
12192.76186011992,18.245182373177833
12193.761840589052,21.354396981234384
12194.761821058182,40.35342421386058
12195.761801527315,64.90561536957355
12196.761781996445,55.360317379826476
12197.761762465578,43.79502229419846
12198.761742934708,22.048046440720658
12199.76172340384,1.9618119360446955
12200.761703872971,62.861834913948776
12201.761684342104,20.98881034751141
12202.761664811234,36.77709612913945
12203.761645280367,10.027345503463234
12204.761625749497,15.87302691226432
12205.76160621863,20.93695898672117
12206.76158668776,36.908951215984516
12207.761567156893,13.582777722144787
12208.761547626023,22.70041391292745
12209.761528095156,59.94017932096246
12210.761508564286,6.62160182154977
12211.761489033417,37.30929080058029
12212.76146950255,22.320355774927688
12213.76144997168,22.945399439205815
12214.761430440813,23.18870781488995
12215.761410909943,38.31239912310559
12216.761391379076,43.45093321170104
12217.761371848206,53.6811642007668
12218.761352317339,15.780524404655836
12219.76133278647,26.965450618036883
12220.761313255602,56.9644532104705
12221.761293724732,33.09745883865141
12222.761274193865,28.50183404536711
12223.761254662995,19.503311082181106
12224.761235132128,25.32334544654226
12225.761215601258,26.20730154245816
12226.76119607039,30.275420596462155
12227.761176539521,21.020116112714213
12228.761157008652,38.85143181069461
12229.761137477784,23.168600718255544
12230.761117946915,31.39151404035818
12231.761098416047,26.522679364191877
12232.761078885178,66.1343463680689
12233.76105935431,58.889459984251864
12234.761039823441,10.106872600753837
12235.761020292573,35.247568945095864
12236.761000761704,33.25820451491603
12237.760981230836,34.466586869087614
12238.760961699967,37.84418561679544
12239.7609421691,26.52220880269528
12240.76092263823,41.966292467448525
12241.760903107363,88.83492966471404
12242.760883576493,51.96040118872232
12243.760864045626,53.76365543310137
12244.760844514756,72.84160124075622
12245.760824983887,61.579378970204424
12246.76080545302,56.01700913632067
12247.76078592215,63.3003885905659
12248.760766391282,18.412155447725425
12249.760746860413,11.980263220660081
12250.760727329545,57.325128724089346
12251.760707798676,30.142574003279346
12252.760688267808,20.738928328774747
12253.760668736939,46.57397742138963
12254.760649206071,49.4097847550429
12255.760629675202,11.683189367622559
12256.760610144334,33.04047438647973
12257.760590613465,37.99794481216868
12258.760571082597,56.81091672216635
12259.760551551728,27.532968614498728
12260.76053202086,63.247549904727656
12261.760512489991,30.692929799396435
12262.760492959122,46.22247889548816
12263.760473428254,29.347341224643774
12264.760453897385,11.834540997647853
12265.760434366517,38.225909133564734
12266.760414835648,35.14514574497212
12267.76039530478,36.952733922141206
12268.76037577391,27.280025803139814
12269.760356243043,43.73457822800137
12270.760336712174,31.994899950200676
12271.760317181306,8.07493139758965
12272.760297650437,24.578185528826904
12273.76027811957,16.434615812840182
12274.7602585887,33.53966652713017
12275.760239057832,23.517988684519228
12276.760219526963,24.448643715981902
12277.760199996095,27.706727835749117
12278.760180465226,28.908439849087532
12279.760160934356,39.5080002036136
12280.760141403489,22.512967295090554
12281.76012187262,56.14350655688544
12282.760102341752,37.06653842306483
12283.760082810883,88.37904700336392
12284.760063280015,41.92438790349029
12285.760043749146,16.86757951978829
12286.760024218278,27.74499476432222
12287.760004687409,38.62708326276483
12288.759985156541,20.969508159179675
12289.759965625672,62.52297939641147
12290.759946094804,4.615968520604899
12291.759926563935,51.349726770918004
12292.759907033067,17.34353725164878
12293.759887502198,52.44013663236945
12294.75986797133,75.5145460228235
12295.75984844046,37.92812157619902
12296.759828909591,61.729727563463086
12297.759809378724,64.91190865578481
12298.759789847854,27.6175124031314
12299.759770316987,9.033906513274202
12300.759750786117,4.832905122024551
12301.75973125525,47.774294360924806
12302.75971172438,35.67173056018579
12303.759692193513,40.24322605429001
12304.759672662643,44.97086848720929
12305.759653131776,25.729759662876674
12306.759633600906,55.72121775794399
12307.759614070039,45.908870889174594
12308.75959453917,13.840239660777598
12309.759575008302,78.35023505242489
12310.759555477433,31.07909404865636
12311.759535946565,20.98756883872733
12312.759516415696,18.11795130789581
12313.759496884826,28.094320188278093
12314.759477353959,16.049594678766866
12315.75945782309,34.28705102448
12316.759438292222,27.982397600358244
12317.759418761352,52.41392527793474
12318.759399230485,64.69041998505456
12319.759379699615,29.50933849584519
12320.759360168748,37.619751759332615
12321.759340637878,73.43731271770646
12322.75932110701,50.94718759369381
12323.759301576141,40.64439239990266
12324.759282045274,11.790538904704952
12325.759262514404,78.29056687273992
12326.759242983537,37.047436960061745
12327.759223452667,25.091263364610153
12328.7592039218,39.99739482865178
12329.75918439093,52.64971099845359
12330.759164860063,30.23859322909299
12331.759145329193,56.825837042887024
12332.759125798324,59.43961602920969
12333.759106267456,58.58006238564914
12334.759086736587,40.3802022497384
12335.75906720572,48.83642942173748
12336.75904767485,45.43671817061595
12337.759028143983,30.203391655249174
12338.759008613113,7.513837915873215
12339.758989082246,63.72768398582117
12340.758969551376,11.419808088704649
12341.758950020509,37.46130489885583
12342.75893048964,50.775116096946526
12343.758910958772,43.209908948642635
12344.758891427902,67.08920577554731
12345.758871897035,36.34143644236417
12346.758852366165,30.757498866910435
12347.758832835298,27.277538782087817
12348.758813304428,34.10557160339327
12349.758793773559,29.57914817295223
12350.758774242691,42.30698191229744
12351.758754711822,16.976358577099006
12352.758735180954,26.767293370722783
12353.758715650085,57.95056760656058
12354.758696119217,52.943473825125274
12355.758676588348,24.25313496579818
12356.75865705748,75.48913050253813
12357.758637526611,93.25392756529631
12358.758617995743,28.286582200095417
12359.758598464874,42.94470847221756
12360.758578934006,15.964504304336828
12361.758559403137,61.855375835029626
12362.75853987227,55.56420983222707
12363.7585203414,47.34483816695054
12364.758500810532,44.69207337087092
12365.758481279663,73.65173800695068
12366.758461748794,85.27425935755701
12367.758442217926,20.00013149674827
12368.758422687057,81.70744392477333
12369.75840315619,61.75688286201215
12370.75838362532,29.91168591081285
12371.758364094452,16.13801055221818
12372.758344563583,5.3768050634791
12373.758325032715,25.11123895387299
12374.758305501846,8.193700680119782
12375.758285970978,30.529128041564274
12376.758266440109,48.25180814215487
12377.758246909241,25.067711538412674
12378.758227378372,35.635928592631714
12379.758207847504,40.33968856646542
12380.758188316635,24.348255915444142
12381.758168785767,16.724146843936005
12382.758149254898,64.22662240708819
12383.758129724029,65.2111021925794
12384.758110193161,12.782379767020991
12385.758090662292,59.619910487078215
12386.758071131424,25.26195225521818
12387.758051600555,27.139737096542728
12388.758032069687,21.3132994542286
12389.758012538818,17.361043528584883
12390.75799300795,8.368560752480507
12391.75797347708,37.470837811849044
12392.757953946213,23.2881321983974
12393.757934415344,41.348434019794496
12394.757914884476,18.579323346483783
12395.757895353607,24.843515787243547
12396.75787582274,13.284302199577251
12397.75785629187,20.63098431910788
12398.757836761002,17.79156157532447
12399.757817230133,23.094490569214674
12400.757797699263,33.006671692643316
12401.757778168396,45.40182938483447
12402.757758637526,14.878120260516807
12403.757739106659,63.703715695059465
12404.75771957579,56.38416490228193
12405.757700044922,53.3300421912603
12406.757680514052,18.75040121947823
12407.757660983185,11.146722556195632
12408.757641452316,32.33520846067401
12409.757621921448,21.590968323132515
12410.757602390579,13.475488138824911
12411.757582859711,26.852480314624426
12412.757563328842,41.785840241516226
12413.757543797974,11.372005901436692
12414.757524267105,46.95414904352297
12415.757504736237,29.600538885023873
12416.757485205368,30.089256515334924
12417.757465674498,22.999993582984505
12418.75744614363,36.7443544885543
12419.757426612761,83.67123446558655
12420.757407081894,45.451997188824244
12421.757387551024,79.0796751299214
12422.757368020157,21.649596946793547
12423.757348489287,38.5334282150729
12424.75732895842,32.52886809443461
12425.75730942755,41.22406602941205
12426.757289896683,27.205369882488863
12427.757270365813,55.21571842749379
12428.757250834946,35.729849487730256
12429.757231304076,13.459303566782278
12430.757211773209,28.74913554581681
12431.75719224234,40.54035739229696
12432.757172711472,25.34047035315733
12433.757153180602,50.80212250061358
12434.757133649735,24.840402929696143
12435.757114118866,50.35835311371235
12436.757094587996,3.6421113533130773
12437.757075057129,47.76881640989011
12438.75705552626,10.664121252644321
12439.757035995392,19.715001453657415
12440.757016464522,26.439375941981574
12441.756996933655,41.13026539429643
12442.756977402785,46.69099226691872
12443.756957871918,43.48353506608074
12444.756938341048,27.890103143021022
12445.75691881018,54.03238826060225
12446.756899279311,39.444306886225405
12447.756879748444,49.58099607244224
12448.756860217574,9.431848623769797
12449.756840686707,11.230164704691758
12450.756821155837,41.29469555171971
12451.75680162497,19.421082036351613
12452.7567820941,25.308249319733292
12453.756762563231,36.92923439171489
12454.756743032363,25.884354186297482
12455.756723501494,30.6593950880197
12456.756703970626,45.706681029726546
12457.756684439757,91.89482024384813
12458.75666490889,29.77977987714878
12459.75664537802,60.3008467215288
12460.756625847152,86.44758413303144
12461.756606316283,57.342403471762395
12462.756586785415,25.32228133718886
12463.756567254546,36.64359043132315
12464.756547723679,6.0733317114241885
12465.75652819281,16.00381929157465
12466.756508661942,43.170846873125654
12467.756489131072,39.86533256109284
12468.756469600205,38.06112315337941
12469.756450069335,77.66604016731185
12470.756430538466,24.472246611438923
12471.756411007598,13.475826354866106
12472.756391476729,78.29263343933746
12473.756371945861,48.54417449239237
12474.756352414992,83.4522626324594
12475.756332884124,54.685213231478556
12476.756313353255,23.393726471489913
12477.756293822387,15.337205738346809
12478.756274291518,30.369785980468603
12479.75625476065,11.161443109851017
12480.756235229781,20.46410234909979
12481.756215698913,49.888369929738545
12482.756196168044,17.215857234994004
12483.756176637176,64.78894624799719
12484.756157106307,69.84597986527235
12485.75613757544,9.509927533294867
12486.75611804457,27.645203242037628
12487.7560985137,107.92620107233545
12488.756078982833,27.98307408123699
12489.756059451964,29.620811487476157
12490.756039921096,59.93040019423014
12491.756020390227,8.086273837298414
12492.75600085936,50.638878812249374
12493.75598132849,56.83625721187031
12494.755961797622,35.331388265482474
12495.755942266753,82.09984769820622
12496.755922735885,75.75755338813498
12497.755903205016,99.42535869322325
12498.755883674148,28.9940993465496
12499.755864143279,64.02260088736612
12500.755844612411,44.69569916776697
12501.755825081542,75.23227031999748
12502.755805550674,24.537089733092685
12503.755786019805,56.96610404250865
12504.755766488935,78.56662746355182
12505.755746958068,24.650240623590133
12506.755727427199,113.84353983023823
12507.755707896331,37.457710830841
12508.755688365462,35.330587357759626
12509.755668834594,54.69217261762721
12510.755649303725,42.25583041112387
12511.755629772857,50.34488486402027
12512.755610241988,49.44850104800068
12513.75559071112,24.01791459815332
12514.75557118025,40.00268746831378
12515.755551649383,32.9500393965337
12516.755532118514,71.04514163897639
12517.755512587646,43.364507956824696
12518.755493056777,57.42345891061572
12519.75547352591,25.525930840152228
12520.75545399504,33.82403598647404
12521.75543446417,37.701595745950435
12522.755414933303,33.47493693551446
12523.755395402433,32.64179941638939
12524.755375871566,28.5953480709839
12525.755356340696,32.046829002975485
12526.755336809829,46.667133114714304
12527.75531727896,1.3415775919873456
12528.755297748092,32.08521005300773
12529.755278217222,62.100781971204306
12530.755258686355,25.320790630366595
12531.755239155485,45.90556280456163
12532.755219624618,28.113909547825905
12533.755200093748,57.49032221606396
12534.755180562881,23.220018095618315
12535.755161032012,32.420452561790626
12536.755141501144,45.62220184821733
12537.755121970275,86.44792821703226
12538.755102439407,23.76427697617281
12539.755082908538,43.068839462322806
12540.755063377668,15.91785757565027
12541.7550438468,12.065362330214077
12542.755024315931,20.584461502395076
12543.755004785064,11.446647732211773
12544.754985254194,8.800393973858666
12545.754965723327,22.57209198561409
12546.754946192457,30.35129343943282
12547.75492666159,77.89765779185035
12548.75490713072,17.57948232357464
12549.754887599853,56.60770720930827
12550.754868068983,12.317271217814083
12551.754848538116,34.6805942489115
12552.754829007246,29.445064396469654
12553.754809476379,7.1883209968155715
12554.75478994551,5.337301825720029
12555.754770414642,11.04301436895983
12556.754750883772,36.8154359858382
12557.754731352903,17.376922325220058
12558.754711822035,5.408506413775684
12559.754692291166,33.95983662547113
12560.754672760298,13.736730255009082
12561.75465322943,28.217498787486214
12562.754633698562,24.167298248870676
12563.754614167692,31.86590410027437
12564.754594636825,20.30525785736415
12565.754575105955,12.782915421356796
12566.754555575088,8.11014745119022
12567.754536044218,32.72496052762994
12568.75451651335,19.290437695065858
12569.754496982481,11.71823014139036
12570.754477451614,33.616715397484214
12571.754457920744,11.371172240132232
12572.754438389877,31.574808338106774
12573.754418859007,27.60955064914398
12574.754399328138,1.8460668498379658
12575.75437979727,30.932254440297083
12576.7543602664,52.37924279271622
12577.754340735533,12.670395049146554
12578.754321204664,22.639163798848628
12579.754301673796,37.158535175136606
12580.754282142927,43.236126365849316
12581.75426261206,38.91043401156334
12582.75424308119,32.11111018057444
12583.754223550322,5.630110518492147
12584.754204019453,19.091094202505392
12585.754184488585,11.822507686979613
12586.754164957716,47.321418617320816
12587.754145426848,32.49444870509451
12588.754125895979,23.884596986801224
12589.754106365112,29.762683818949313
12590.754086834242,37.88856763114959
12591.754067303373,32.46548423321266
12592.754047772505,17.909381088586255
12593.754028241636,11.09029663826548
12594.754008710768,51.743385343228134
12595.753989179899,11.454255127187125
12596.753969649031,24.11768030981245
12597.753950118162,20.949308651055137
12598.753930587294,46.660753895352784
12599.753911056425,31.54920054512528
12600.753891525557,18.964651504968682
12601.753871994688,28.3401921788866
12602.75385246382,29.21138129197009
12603.75383293295,27.543275924762867
12604.753813402083,20.299473758229443
12605.753793871214,31.89055421058212
12606.753774340346,49.12857892675116
12607.753754809477,30.90561380153602
12608.753735278608,20.617772880466134
12609.75371574774,64.78839004681815
12610.75369621687,39.159350575223186
12611.753676686003,55.15935298818055
12612.753657155134,78.28480166756798
12613.753637624266,59.2179986954297
12614.753618093397,62.90052791514821
12615.753598562529,76.56481632014318
12616.75357903166,25.47813284864164
12617.753559500792,43.507816628128445
12618.753539969923,37.599046094940576
12619.753520439055,68.34016811862831
12620.753500908186,38.34335488561909
12621.753481377318,15.44748336081922
12622.753461846449,47.01619837740065
12623.753442315581,35.80771665369376
12624.753422784712,56.44396582353657
12625.753403253842,29.288463779156647
12626.753383722975,39.26236325773056
12627.753364192105,32.80419205547233
12628.753344661238,40.21712961169547
12629.753325130368,47.60612313106625
12630.7533055995,49.40165806155652
12631.753286068631,11.739404029916189
12632.753266537764,94.09288063047671
12633.753247006895,50.95789170275489
12634.753227476027,72.7597237579009
12635.753207945158,122.0424844887405
12636.75318841429,52.745187251258564
12637.75316888342,36.05506013369425
12638.753149352553,85.23639360003098
12639.753129821684,39.174578707531005
12640.753110290816,9.293785499895842
12641.753090759947,39.53436432857581
12642.753071229079,34.74682540645785
12643.75305169821,49.539485963560324
12644.75303216734,39.06974082580822
12645.753012636473,52.99812311370269
12646.752993105603,45.96661234389882
12647.752973574736,78.91698564728911
12648.752954043866,38.322614352538345
12649.752934512999,41.90294890517811
12650.75291498213,52.10307869461719
12651.752895451262,33.547545233697235
12652.752875920392,20.98760715858248
12653.752856389525,34.17641438776113
12654.752836858655,61.41447965146329
12655.752817327788,19.18221831346189
12656.752797796918,43.11645854037005
12657.75277826605,22.926989772842795
12658.752758735181,16.20385333348704
12659.752739204314,23.84895284351179
12660.752719673445,38.18374698905788
12661.752700142575,36.252924795143215
12662.752680611708,26.941141285913876
12663.752661080838,7.186090519830374
12664.75264154997,24.79372959383453
12665.752622019101,35.36047440656879
12666.752602488234,15.231339861560896
12667.752582957364,4.84405386752716
12668.752563426497,52.25497505289973
12669.752543895627,68.38640385485007
12670.75252436476,31.408070973601827
12671.75250483389,12.392363428305615
12672.752485303023,1.9784311421307759
12673.752465772153,12.263011448097439
12674.752446241286,25.86872197222296
12675.752426710416,15.30697064439815
12676.752407179549,19.998809048192893
12677.75238764868,32.558820071113395
12678.75236811781,47.53283926966403
12679.752348586942,30.18233745039308
12680.752329056073,60.503475203241614
12681.752309525205,24.448847688938606
12682.752289994336,5.843435429454556
12683.752270463468,46.30651418728948
12684.752250932599,18.17981326803673
12685.752231401731,9.49981037131425
12686.752211870862,41.778368019513756
12687.752192339995,44.40965015245341
12688.752172809125,35.996338998788794
12689.752153278258,47.149719922419216
12690.752133747388,31.962934798572274
12691.75211421652,22.50545558594429
12692.752094685651,44.361639990065505
12693.752075154784,38.18002536544486
12694.752055623914,28.356696111598417
12695.752036093045,58.012538548968905
12696.752016562177,26.96123785363818
12697.751997031308,25.715706994491793
12698.75197750044,23.833978695075594
12699.75195796957,42.68411221476659
12700.751938438703,33.043745335290694
12701.751918907834,36.70090730157361
12702.751899376966,30.065469951364342
12703.751879846097,21.573314082486792
12704.75186031523,29.45072255385206
12705.75184078436,37.86709439757725
12706.751821253492,70.79913167891853
12707.751801722623,38.80520544406743
12708.751782191755,36.687153759135676
12709.751762660886,15.02780864883531
12710.751743130018,16.195288935203404
12711.751723599149,15.153870091074351
12712.75170406828,67.57056101922382
12713.751684537412,34.58099554188471
12714.751665006543,20.325097624372198
12715.751645475675,66.99435885463292
12716.751625944806,29.47861689289948
12717.751606413938,25.958343278084588
12718.751586883069,37.60945307455987
12719.751567352201,16.36667475024496
12720.751547821332,49.74134353807958
12721.751528290464,18.3268971900786
12722.751508759595,58.22787630773838
12723.751489228727,62.1441631011573
12724.751469697858,61.77866806729096
12725.75145016699,17.08254575873135
12726.75143063612,41.478815762698765
12727.751411105253,38.96060102076031
12728.751391574384,63.64709691749002
12729.751372043514,27.72729487163689
12730.751352512647,16.444388709284564
12731.751332981778,17.503129974752053
12732.75131345091,23.860138507555384
12733.75129392004,79.82970430139841
12734.751274389173,28.527080740417027
12735.751254858304,18.92266536886364
12736.751235327436,14.647384160173319
12737.751215796567,9.474243533028911
12738.751196265699,33.167553266357864
12739.75117673483,47.7655090183713
12740.751157203962,26.645381277062754
12741.751137673093,22.86181534411396
12742.751118142225,58.319628488924835
12743.751098611356,16.624518352025966
12744.751079080488,76.29066971234612
12745.751059549619,44.36350268221504
12746.75104001875,32.38351000600401
12747.751020487882,28.62780467995302
12748.751000957012,8.184925849137203
12749.750981426145,32.36512633291082
12750.750961895275,16.181900892207146
12751.750942364408,7.969745627434972
12752.750922833538,14.087969041356507
12753.75090330267,16.669278800866465
12754.750883771801,11.183230133686678
12755.750864240934,18.62022957607893
12756.750844710064,41.12251417557877
12757.750825179197,10.554537304451266
12758.750805648328,11.869651742340848
12759.75078611746,9.179845407411744
12760.75076658659,15.933278854972832
12761.750747055723,10.002543413347128
12762.750727524854,15.696607968023315
12763.750707993986,8.607622115968756
12764.750688463117,35.12401339830302
12765.750668932247,32.419341748760495
12766.75064940138,31.17096980099819
12767.75062987051,13.03491840518759
12768.750610339643,37.10487620455638
12769.750590808773,33.61572168238006
12770.750571277906,24.741516648876708
12771.750551747036,19.07558700958695
12772.750532216169,9.090965016140641
12773.7505126853,48.98951968158505
12774.750493154432,75.14836092710203
12775.750473623562,44.50869248897003
12776.750454092695,48.2544399041571
12777.750434561825,24.396021700961807
12778.750415030958,24.593153080073886
12779.750395500088,19.828968393864244
12780.75037596922,57.844581419994356
12781.750356438351,30.09391908815524
12782.750336907482,51.04396619862307
12783.750317376614,37.472573332618325
12784.750297845745,38.59046093613752
12785.750278314878,11.908644679601572
12786.750258784008,38.13981622830028
12787.75023925314,50.20045791119789
12788.750219722271,24.350666192065262
12789.750200191404,75.11373625282822
12790.750180660534,50.181952829910095
12791.750161129667,61.003622740863584
12792.750141598797,25.47912448145878
12793.75012206793,17.39822345259407
12794.75010253706,18.018122875297994
12795.750083006193,5.772202108306511
12796.750063475323,53.54288733135785
12797.750043944456,54.729042151615666
12798.750024413586,35.91645149440919
12799.750004882717,20.252927626253683
12800.74998535185,23.29559725091185
12801.74996582098,33.22916004883306
12802.749946290112,44.62531864368016
12803.749926759243,9.05977683311402
12804.749907228375,20.65231296454071
12805.749887697506,37.65219745271094
12806.749868166638,21.824573802998678
12807.749848635769,34.37002679616902
12808.749829104901,30.179102490993237
12809.749809574032,9.69147228462734
12810.749790043164,46.03469057850182
12811.749770512295,8.919338023112891
12812.749750981427,8.921670326391858
12813.749731450558,41.61238240733595
12814.74971191969,41.973562099390335
12815.749692388821,64.11958000888384
12816.749672857952,31.08921599050728
12817.749653327084,40.91999277892083
12818.749633796215,23.24001477250528
12819.749614265347,46.022023771884534
12820.749594734478,76.72618121283345
12821.74957520361,74.14186395259058
12822.74955567274,70.15097717607519
12823.749536141873,39.686536568214954
12824.749516611004,50.4385957910351
12825.749497080136,54.27192778390018
12826.749477549267,16.793751050263296
12827.7494580184,83.1033056332775
12828.74943848753,30.076052898463
12829.749418956662,30.146255059747027
12830.749399425793,30.592313605938674
12831.749379894925,74.25989697088721
12832.749360364056,19.266065855937455
12833.749340833187,60.3142570779208
12834.749321302319,14.835017162469736
12835.74930177145,47.56896488601732
12836.749282240582,61.78399455967424
12837.749262709713,20.679419826811266
12838.749243178845,34.79253196821988
12839.749223647976,71.96023381137904
12840.749204117108,39.01033965682847
12841.749184586239,26.306524734712525
12842.749165055371,23.95416106192511
12843.749145524502,39.079329956593895
12844.749125993634,22.946014333665392
12845.749106462765,55.76434395876788
12846.749086931897,32.848428614546705
12847.749067401028,26.714254026848472
12848.74904787016,27.23993719732174
12849.74902833929,17.786522835943956
12850.749008808421,19.948609694251857
12851.748989277554,18.886148369238718
12852.748969746684,38.554301286462426
12853.748950215817,3.9257620224894736
12854.748930684947,13.030779612596925
12855.74891115408,44.22135147971617
12856.74889162321,48.16717224160371
12857.748872092343,27.873191481009872
12858.748852561474,6.727450897659307
12859.748833030606,46.18037218470515
12860.748813499737,27.518546085187392
12861.748793968869,42.07045822640121
12862.748774438,15.72146188629363
12863.748754907132,29.55468627290104
12864.748735376263,58.069772246537966
12865.748715845395,31.614247148032828
12866.748696314526,14.697122685993842
12867.748676783658,40.67090408530235
12868.748657252789,51.27633547797239
12869.74863772192,34.32691304350981
12870.748618191052,4.198810705060017
12871.748598660182,47.22936710146158
12872.748579129315,54.81775917718488
12873.748559598445,69.45815501299276
12874.748540067578,25.369128700375654
12875.748520536708,23.378471953609814
12876.74850100584,69.86695287653924
12877.748481474971,28.22416984803983
12878.748461944104,19.541127290891076
12879.748442413234,42.712431203946636
12880.748422882367,7.907718349787817
12881.748403351497,54.141378898429636
12882.74838382063,32.961300464935086
12883.74836428976,36.44800272673873
12884.748344758893,61.0755331430162
12885.748325228024,67.77150859054298
12886.748305697154,26.29035245903459
12887.748286166287,40.23581682329407
12888.748266635417,26.98748183463314
12889.74824710455,23.371349756754828
12890.74822757368,54.903203484621876
12891.748208042813,10.027529818148377
12892.748188511943,29.43144007085969
12893.748168981076,24.86703815126827
12894.748149450206,16.01232734190044
12895.748129919339,13.146254870026462
12896.74811038847,26.151911991164003
12897.748090857602,29.90655240528389
12898.748071326732,41.77824948887068
12899.748051795865,24.300996998208515
12900.748032264995,61.5778417720725
12901.748012734128,12.54520865768461
12902.747993203258,64.68314526506977
12903.747973672389,43.16346630397849
12904.747954141521,41.151057258082794
12905.747934610652,28.85176697173882
12906.747915079784,29.698881592755253
12907.747895548915,51.281335843592494
12908.747876018047,14.83488695946398
12909.747856487178,10.033332359911004
12910.74783695631,24.300153004486695
12911.747817425441,54.261955004848275
12912.747797894574,35.26134728382944
12913.747778363704,44.24531186858771
12914.747758832837,17.83720132782978
12915.747739301967,44.02471195626976
12916.7477197711,56.812456716306315
12917.74770024023,24.816546196805827
12918.747680709363,18.70953687678876
12919.747661178493,12.589709055232095
12920.747641647624,42.44385385750752
12921.747622116756,23.29515076873647
12922.747602585887,45.96298600152272
12923.74758305502,6.080850307654108
12924.74756352415,22.697051576418573
12925.747543993282,31.79672016578456
12926.747524462413,12.927655912202772
12927.747504931545,11.381283710433495
12928.747485400676,13.875413912006039
12929.747465869808,19.020134179798706
12930.747446338939,19.99587371432654
12931.747426808071,52.69371787155982
12932.747407277202,82.78106851658342
12933.747387746334,41.74268008947964
12934.747368215465,65.98509596980254
12935.747348684597,20.468470933770394
12936.747329153728,41.51670509230868
12937.747309622859,32.885811060761945
12938.747290091991,26.42226565012486
12939.747270561122,14.941531918586891
12940.747251030254,22.36261402703189
12941.747231499385,17.277864915219354
12942.747211968517,16.19494757811941
12943.747192437648,22.805665543012157
12944.74717290678,19.875160041654294
12945.74715337591,16.43388430926283
12946.747133845043,13.313346703334384
12947.747114314174,7.194233045692908
12948.747094783306,26.20080004330544
12949.747075252437,26.05637960650925
12950.74705572157,26.34148231374573
12951.7470361907,19.363495614600165
12952.747016659832,63.3462000284894
12953.746997128963,19.636496607274413
12954.746977598094,31.094184448947903
12955.746958067226,37.00965380207189
12956.746938536357,21.457468589623943
12957.746919005489,4.718354478071543
12958.74689947462,7.153923588852557
12959.746879943752,42.638112148782405
12960.746860412883,26.64702206015435
12961.746840882015,62.79759000941966
12962.746821351146,38.364438917168194
12963.746801820278,29.480631841802914
12964.746782289409,49.91540861383675
12965.746762758541,25.21828319532015
12966.746743227672,36.7968861943457
12967.746723696804,47.38131438875237
12968.746704165935,18.448241679835792
12969.746684635067,41.754682522028396
12970.746665104198,34.38921518078049
12971.74664557333,64.42760928264502
12972.74662604246,52.14170048414203
12973.746606511591,21.13801409525209
12974.746586980724,15.035773034326013
12975.746567449854,11.471217429187845
12976.746547918987,20.662272904702302
12977.746528388117,14.106842719804188
12978.74650885725,6.799282394934934
12979.74648932638,21.763770795600163
12980.746469795513,27.686418686979373
12981.746450264643,2.096532241550918
12982.746430733776,7.8831722082379585
12983.746411202907,35.07638421528956
12984.746391672039,26.271290019344484
12985.74637214117,13.032750553543563
12986.746352610302,40.598744266598764
12987.746333079433,27.600831804233746
12988.746313548565,33.57882453589198
12989.746294017696,55.5488733588342
12990.746274486826,45.088153404125315
12991.746254955959,71.48581917490992
12992.74623542509,76.09387291697475
12993.746215894222,25.83967708549755
12994.746196363352,34.70028336847267
12995.746176832485,8.950605102679392
12996.746157301615,55.755992712153976
12997.746137770748,38.87504309601344
12998.746118239878,54.6343300528799
12999.74609870901,34.171721280927436
13000.746079178141,42.578847777736534
13001.746059647274,7.961544655432525
13002.746040116404,46.97226135319807
13003.746020585537,42.64409749093092
13004.746001054667,43.7755335043172
13005.7459815238,52.86468731970345
13006.74596199293,50.03067513163696
13007.745942462061,91.9450442244239
13008.745922931193,76.19888830131593
13009.745903400324,36.68404703367774
13010.745883869457,28.097650485008714
13011.745864338587,32.55725639378584
13012.74584480772,37.6978013944491
13013.74582527685,23.231137697754743
13014.745805745983,10.35334015445927
13015.745786215113,4.053277512646962
13016.745766684246,15.834806654741811
13017.745747153376,51.02679974056379
13018.745727622509,36.69524201817537
13019.74570809164,11.042610078351263
13020.745688560772,12.773588857819913
13021.745669029902,65.501560385786
13022.745649499035,9.27862059337842
13023.745629968165,6.1866578128070815
13024.745610437296,30.776729664031947
13025.745590906428,47.88382304664652
13026.745571375559,26.282665130543766
13027.745551844691,19.374916318559947
13028.745532313822,5.874036051164723
13029.745512782954,34.180384047017775
13030.745493252085,26.812690286831337
13031.745473721217,44.97512829394591
13032.745454190348,20.77272903147761
13033.74543465948,33.8488779390849
13034.745415128611,35.63183325549136
13035.745395597743,19.434018775355856
13036.745376066874,45.97841880543087
13037.745356536007,20.417895550686612
13038.745337005137,59.64176404482923
13039.74531747427,55.18966093534876
13040.7452979434,21.307656821905656
13041.74527841253,22.921429195587706
13042.745258881663,18.704928675967775
13043.745239350794,26.959141308959893
13044.745219819926,41.79031020851976
13045.745200289057,16.575506761776957
13046.74518075819,43.253668152153224
13047.74516122732,45.34072807219508
13048.745141696452,48.42094675382711
13049.745122165583,44.773752906448316
13050.745102634715,23.74643505302817
13051.745083103846,39.71913910470877
13052.745063572978,67.23403127914318
13053.745044042109,33.46090026335344
13054.745024511241,43.468020428847204
13055.745004980372,43.84126377073831
13056.744985449504,24.570873009623174
13057.744965918635,36.234065258635106
13058.744946387766,33.61767017485922
13059.744926856898,39.62614049323598
13060.744907326029,34.1114877222902
13061.744887795161,44.7298102034723
13062.744868264292,28.674990902498944
13063.744848733424,57.28575073400985
13064.744829202555,42.335449875889616
13065.744809671687,15.501408761845852
13066.744790140818,31.642898615353776
13067.74477060995,42.327383109911125
13068.74475107908,44.04514090414978
13069.744731548213,43.92265151853053
13070.744712017344,20.072705830634067
13071.744692486476,56.76562781616643
13072.744672955607,90.25057798990409
13073.74465342474,88.01265688938497
13074.74463389387,66.17150230877417
13075.744614363002,56.57697367850054
13076.744594832133,33.790102414035054
13077.744575301263,44.230611161845005
13078.744555770396,39.78314027623066
13079.744536239526,22.565690158781198
13080.744516708659,32.80523756937349
13081.74449717779,41.97875008148941
13082.744477646922,67.84448220217175
13083.744458116053,73.22385176635282
13084.744438585185,107.89409147981674
13085.744419054316,74.68552676486655
13086.744399523448,36.33591692709971
13087.744379992579,51.11921407592517
13088.744360461711,30.770527496844608
13089.744340930842,25.816751193108715
13090.744321399974,6.150006506199734
13091.744301869105,11.777772917971397
13092.744282338237,30.179080322096286
13093.744262807368,30.202605122450123
13094.744243276498,35.48935020191766
13095.74422374563,33.518832413523654
13096.744204214761,27.40249577015145
13097.744184683894,15.452771199929519
13098.744165153024,27.16756831830799
13099.744145622157,37.46346161177694
13100.744126091287,16.293177637320024
13101.74410656042,18.462610566300842
13102.74408702955,26.10940969006929
13103.744067498683,29.581523656703947
13104.744047967813,37.0690169603001
13105.744028436946,30.487519458922424
13106.744008906076,17.29806310529867
13107.743989375209,11.895902368839009
13108.74396984434,11.391435696334316
13109.743950313472,55.52876818065711
13110.743930782603,50.8021362184154
13111.743911251733,9.09186172974635
13112.743891720866,43.08572343684422
13113.743872189996,64.15575249080878
13114.743852659129,27.714624268218653
13115.74383312826,36.29497811102505
13116.743813597392,49.8666525147359
13117.743794066522,27.368392080333688
13118.743774535655,19.393321037669814
13119.743755004785,53.065524777309584
13120.743735473918,56.51533285162498
13121.743715943048,12.896841253653907
13122.74369641218,62.42358368444897
13123.743676881311,91.90424377952128
13124.743657350444,88.69745218025967
13125.743637819574,29.715468782788015
13126.743618288707,25.06041946522141
13127.743598757837,16.219540088591643
13128.743579226968,45.61996637843465
13129.7435596961,18.179713249305824
13130.743540165231,81.75179037467692
13131.743520634363,66.45145283064699
13132.743501103494,73.82189881842162
13133.743481572626,10.36005644219309
13134.743462041757,55.74721197485371
13135.74344251089,29.693819786086188
13136.74342298002,36.88010235655064
13137.743403449153,34.14244849117086
13138.743383918283,6.151931004681787
13139.743364387416,2.501931208279188
13140.743344856546,26.974849374255637
13141.743325325679,53.28102268474521
13142.74330579481,30.494689504990124
13143.743286263942,26.863613805816446
13144.743266733072,23.347606188844132
13145.743247202203,42.61776182682293
13146.743227671335,70.77142441070788
13147.743208140466,47.005887377589595
13148.743188609598,54.90749509936045
13149.743169078729,40.818208026633314
13150.743149547861,25.8631256133102
13151.743130016992,16.66978724095989
13152.743110486124,64.61934330369166
13153.743090955255,44.28719388644252
13154.743071424387,35.494472157227236
13155.743051893518,7.048614877811308
13156.74303236265,102.18499375120193
13157.743012831781,42.08169954965386
13158.742993300913,26.40118767692229
13159.742973770044,21.01096126073671
13160.742954239176,31.324766116919225
13161.742934708307,27.182366404049496
13162.742915177438,19.747200348021444
13163.74289564657,23.25030234220689
13164.7428761157,7.996674191299604
13165.742856584833,36.66808965326628
13166.742837053964,25.933820592712667
13167.742817523096,61.704233139772505
13168.742797992227,15.648186369199305
13169.74277846136,6.160222082363164
13170.74275893049,49.60434667218781
13171.742739399622,25.736478757060766
13172.742719868753,24.59631979912925
13173.742700337885,55.52075895525629
13174.742680807016,46.78607205418523
13175.742661276148,24.513093219356772
13176.742641745279,51.43183567535835
13177.742622214411,30.7978819919904
13178.742602683542,25.742924293012827
13179.742583152673,38.33033791223907
13180.742563621805,46.59352611625573
13181.742544090936,49.15808933698312
13182.742524560068,38.99686109444094
13183.742505029199,20.79152429159213
13184.742485498331,16.490257952164136
13185.742465967462,57.05037033653207
13186.742446436594,30.833730882298685
13187.742426905725,34.563578409565714
13188.742407374857,65.74920119794731
13189.742387843988,43.037410464091074
13190.74236831312,15.310888676798733
13191.74234878225,76.4783958119401
13192.742329251383,7.903245007701689
13193.742309720514,24.87861631439556
13194.742290189646,49.150817891677725
13195.742270658777,23.087174147689094
13196.74225112791,45.34625628266786
13197.74223159704,13.85071338400335
13198.74221206617,25.148232053539466
13199.742192535303,20.821251059028086
13200.742173004433,17.81636740052508
13201.742153473566,27.051561414257296
13202.742133942696,20.760459795771975
13203.742114411829,41.78495042091962
13204.74209488096,59.384729854550336
13205.742075350092,32.97679604446394
13206.742055819223,40.88410141823616
13207.742036288355,14.438511840495611
13208.742016757486,19.775162263331197
13209.741997226618,51.50775724820364
13210.741977695749,55.97806606220187
13211.741958164881,60.9453560829006
13212.741938634012,67.69695548293224
13213.741919103144,20.66633754805649
13214.741899572275,51.39745227440623
13215.741880041405,51.87789668552411
13216.741860510538,37.83556771435924
13217.741840979668,4.28825793238421
13218.7418214488,25.809109760398496
13219.741801917931,38.14482909108583
13220.741782387064,16.229216015457183
13221.741762856194,72.6305455872947
13222.741743325327,39.679708868071494
13223.741723794457,31.472081112637234
13224.74170426359,71.99718862513481
13225.74168473272,49.729272679199504
13226.741665201853,51.43710331785602
13227.741645670983,31.612209020434328
13228.741626140116,37.35929800434857
13229.741606609246,13.357034753979448
13230.741587078379,24.78964253820433
13231.74156754751,10.815073280140682
13232.74154801664,56.89778012878289
13233.741528485773,14.309334767648727
13234.741508954903,44.44557065655606
13235.741489424036,34.79354969994891
13236.741469893166,34.71833065277151
13237.741450362299,46.54712532448206
13238.74143083143,42.22217730829218
13239.741411300562,45.59473030077986
13240.741391769692,43.02844547700968
13241.741372238825,53.1487895983362
13242.741352707955,28.146787318969526
13243.741333177088,26.50547177322961
13244.741313646218,45.32126933948197
13245.74129411535,34.009081773592456
13246.741274584481,37.41443322314493
13247.741255053614,29.49866250885057
13248.741235522744,39.34192148108378
13249.741215991875,7.208097401350343
13250.741196461007,27.238684576363838
13251.741176930138,42.44119540845459
13252.74115739927,72.75705829531054
13253.741137868401,32.839222836400396
13254.741118337533,40.11878946833048
13255.741098806664,21.511956908992133
13256.741079275796,31.794660415106527
13257.741059744927,28.71609202386703
13258.74104021406,54.82536474733705
13259.74102068319,21.66382858652686
13260.741001152322,15.874617392936345
13261.740981621453,35.136218494812546
13262.740962090586,25.200785785965277
13263.740942559716,17.12585298748269
13264.740923028849,39.917195484243784
13265.74090349798,26.64589640649452
13266.74088396711,15.031086626572764
13267.740864436242,60.38006930330393
13268.740844905373,55.69868338222245
13269.740825374505,13.446971942975415
13270.740805843636,20.552256334425085
13271.740786312768,2.0107600678576496
13272.740766781899,35.205781736475004
13273.740747251031,47.999035081372526
13274.740727720162,27.95103048466632
13275.740708189294,16.769439934758775
13276.740688658425,57.49076112487202
13277.740669127557,44.79539262348762
13278.740649596688,1.9329255105920244
13279.74063006582,14.470535515505349
13280.740610534951,20.940902829518844
13281.740591004083,12.487815421793538
13282.740571473214,23.943185527579864
13283.740551942345,35.08261786614442
13284.740532411477,39.86127427369182
13285.740512880608,32.69545414794103
13286.74049334974,9.516595819068
13287.74047381887,56.8472831846141
13288.740454288003,38.05702035408561
13289.740434757134,29.5262701379025
13290.740415226266,41.490022920974845
13291.740395695397,78.98202343440626
13292.74037616453,11.634556231459591
13293.74035663366,15.22542220837943
13294.740337102792,13.688016473713505
13295.740317571923,6.653447716499648
13296.740298041055,30.5927108044712
13297.740278510186,5.414134318019893
13298.740258979318,38.24761835079439
13299.740239448449,1.8502319018411886
13300.740219917581,32.99938946856232
13301.740200386712,15.32649318239242
13302.740180855842,33.34879638295769
13303.740161324975,38.36133265557537
13304.740141794106,48.62804245732121
13305.740122263238,58.46241189849474
13306.740102732369,49.75521448288287
13307.740083201501,13.946054551519502
13308.740063670632,54.958540742732254
13309.740044139764,82.35463438957149
13310.740024608895,14.560774976352853
13311.740005078027,55.77139488270699
13312.739985547158,48.984585782885745
13313.73996601629,30.327493588356912
13314.73994648542,50.686820145067955
13315.739926954553,64.66000816341304
13316.739907423684,61.142621793208164
13317.739887892816,62.51230928249485
13318.739868361947,21.156351651978785
13319.739848831077,62.40146386836192
13320.73982930021,52.91847343161246
13321.73980976934,52.86680972827358
13322.739790238473,45.224961852425
13323.739770707603,27.726323188463663
13324.739751176736,21.47974177227024
13325.739731645866,20.904863040073764
13326.739712114999,34.9858194871686
13327.73969258413,30.220174823502497
13328.739673053262,19.233609751972196
13329.739653522392,53.44719589649223
13330.739633991525,37.65487691965233
13331.739614460656,47.32530536977404
13332.739594929788,32.37491887964382
13333.739575398919,96.15717879098749
13334.739555868051,73.15900569803108
13335.739536337182,19.44812721363403
13336.739516806312,57.18138789645977
13337.739497275445,22.28355656400573
13338.739477744575,63.135028684028136
13339.739458213708,15.902716060380689
13340.739438682838,92.34161121830633
13341.73941915197,87.96571942967611
13342.739399621101,41.24657575339338
13343.739380090234,51.76789723453134
13344.739360559364,73.32300090173064
13345.739341028497,47.77632309541562
13346.739321497627,31.927308830758562
13347.73930196676,27.15289418224593
13348.73928243589,25.0095324842964
13349.739262905023,67.43108522381789
13350.739243374153,30.665097511433267
13351.739223843286,20.04649317283388
13352.739204312416,40.80030089855231
13353.739184781547,27.981378134018524
13354.73916525068,34.843556591004386
13355.73914571981,19.383184262015625
13356.739126188942,35.16505580869821
13357.739106658073,39.86044041847471
13358.739087127205,17.83486006869434
13359.739067596336,80.98310149556379
13360.739048065469,26.637035199323655
13361.7390285346,36.32452152428398
13362.739009003732,22.297801988696943
13363.738989472862,20.56907278535334
13364.738969941995,22.38234764252773
13365.738950411125,68.49535957190564
13366.738930880258,13.829117108023963
13367.738911349388,20.491691187976492
13368.73889181852,29.09253466378579
13369.738872287651,35.44308907321724
13370.738852756782,39.760504880458086
13371.738833225914,57.330974850104305
13372.738813695045,40.21295971426792
13373.738794164177,26.511744959124517
13374.738774633308,25.314614388006046
13375.73875510244,56.50284044653479
13376.738735571571,40.085310357265605
13377.738716040703,18.737255426323063
13378.738696509834,52.59794868147485
13379.738676978966,13.905704722176397
13380.738657448097,60.00182568692413
13381.73863791723,74.39741061122957
13382.73861838636,45.54818305888413
13383.738598855492,18.267652465150842
13384.738579324623,10.475157117853321
13385.738559793755,37.18235055387728
13386.738540262886,36.63692471497531
13387.738520732017,39.46959293908999
13388.73850120115,28.236702770456965
13389.73848167028,46.886387622218926
13390.738462139412,8.512934201131001
13391.738442608543,31.152662596992222
13392.738423077675,64.78498299473446
13393.738403546806,39.024677907744554
13394.738384015938,34.298172517688464
13395.738364485069,17.44732549668027
13396.738344954201,76.77225241863684
13397.738325423332,39.0494972704545
13398.738305892464,45.972525295536514
13399.738286361595,109.78337645196221
13400.738266830727,62.48273186180675
13401.738247299858,16.920739026522202
13402.73822776899,33.43748461919303
13403.738208238121,96.50787757055697
13404.738188707253,30.617695083733516
13405.738169176384,21.94741071916144
13406.738149645515,62.654365315900186
13407.738130114647,55.73254858935162
13408.738110583778,23.838296917301733
13409.73809105291,22.30331560396734
13410.73807152204,60.5030884722799
13411.738051991173,47.280274218233664
13412.738032460304,31.575005904826007
13413.738012929436,53.65093160100407
13414.737993398567,42.73024068474573
13415.7379738677,19.04548635941809
13416.73795433683,22.23913296324302
13417.737934805962,28.24331869772567
13418.737915275093,42.99787322545631
13419.737895744225,55.15131339147769
13420.737876213356,31.967878255882578
13421.737856682488,32.44317774834566
13422.737837151619,29.020938686444005
13423.73781762075,6.255092606617849
13424.737798089882,20.520329399462845
13425.737778559012,56.30619836207713
13426.737759028145,22.98842586959373
13427.737739497275,96.93969258402677
13428.737719966408,55.65009364563326
13429.737700435538,27.908316929375317
13430.737680904671,51.62536591315667
13431.737661373802,57.575619146815974
13432.737641842934,43.9742169843746
13433.737622312065,13.14910801333644
13434.737602781197,38.641660747677264
13435.737583250328,3.8004446950866555
13436.73756371946,32.25853466427746
13437.73754418859,60.14979496504309
13438.737524657723,15.104156021779573
13439.737505126854,31.264853659962384
13440.737485595984,14.071921933146319
13441.737466065117,7.977630715642009
13442.737446534247,38.60766547062567
13443.73742700338,48.14308663632771
13444.73740747251,11.619636180621143
13445.737387941643,20.52035607915614
13446.737368410773,18.807115322528887
13447.737348879906,46.0398279872763
13448.737329349036,55.3332816883607
13449.737309818169,16.400238484760543
13450.7372902873,22.43926790553896
13451.737270756432,40.29789277942508
13452.737251225562,13.299109294732402
13453.737231694695,26.535211476650115
13454.737212163825,57.356771514349106
13455.737192632958,27.341538758755807
13456.737173102088,29.07907731855433
13457.73715357122,19.406117271250316
13458.737134040352,55.5915729750427
13459.737114509482,18.829269796524052
13460.737094978615,43.29880679357783
13461.737075447745,8.315993682502368
13462.737055916878,55.97388131396248
13463.737036386008,39.754324969762735
13464.73701685514,25.195416066063636
13465.736997324271,16.12171409584437
13466.736977793404,43.69031354813736
13467.736958262534,9.105187156926519
13468.736938731667,43.91642592064048
13469.736919200797,26.051861681861077
13470.73689966993,37.858310218105366
13471.73688013906,49.515683840502
13472.736860608193,13.85838277465354
13473.736841077323,15.953959259205387
13474.736821546454,15.112741182770348
13475.736802015586,40.03821205736051
13476.736782484717,43.33700021669096
13477.73676295385,19.082219033725636
13478.73674342298,38.8567883975165
13479.736723892112,19.457734619051145
13480.736704361243,38.20618107914007
13481.736684830375,18.17042477725251
13482.736665299506,32.17915907707675
13483.736645768638,15.320276886692785
13484.736626237769,17.18625610355271
13485.736606706902,22.24103356750867
13486.736587176032,25.756605531556524
13487.736567645165,60.98393134552797
13488.736548114295,61.991298138380174
13489.736528583428,36.56770930066731
13490.736509052558,62.04141641163683
13491.736489521689,29.170220982135866
13492.736469990821,43.494270135470046
13493.736450459952,87.94898400856842
13494.736430929084,47.52626234026101
13495.736411398215,57.28378273458996
13496.736391867347,54.955212846842244
13497.736372336478,27.99624153958107
13498.73635280561,74.67642266134635
13499.73633327474,26.684526443301635
13500.736313743873,4.464332931216338
13501.736294213004,14.629351151896213
13502.736274682136,53.515452391748184
13503.736255151267,47.1253714783562
13504.7362356204,86.96245614558202
13505.73621608953,96.37308595817834
13506.736196558662,32.75864614001523
13507.736177027793,42.29358405153704
13508.736157496925,17.43391510018428
13509.736137966056,16.05688366721889
13510.736118435187,27.724124584587216
13511.736098904319,9.387092986423882
13512.73607937345,42.55952874126681
13513.736059842582,43.801582801680325
13514.736040311713,69.68131755770803
13515.736020780845,62.87657745734012
13516.736001249976,37.753620406362614
13517.735981719108,27.69600333648924
13518.735962188239,36.964848407908164
13519.735942657371,19.40472370468508
13520.735923126502,11.504944642257016
13521.735903595634,22.849555553621546
13522.735884064765,18.724050240036647
13523.735864533897,28.926062167943382
13524.735845003028,9.850299823594648
13525.73582547216,24.44093727708777
13526.73580594129,27.499272659010213
13527.735786410421,22.757418810472775
13528.735766879554,26.155738932061595
13529.735747348685,7.22089564395428
13530.735727817817,26.758683674676057
13531.735708286948,12.785336506305791
13532.73568875608,45.81137949421759
13533.73566922521,15.451251543089569
13534.735649694343,12.440496515778378
13535.735630163474,29.151664718143323
13536.735610632606,31.84985016089229
13537.735591101737,7.574688209420378
13538.735571570869,48.812344022493626
13539.73555204,12.023701828282244
13540.735532509132,55.77613768404569
13541.735512978263,35.36386173037065
13542.735493447395,41.62564218102542
13543.735473916526,20.104290717292248
13544.735454385656,32.14666601690309
13545.735434854789,28.010028768551653
13546.73541532392,30.53486841549011
13547.735395793052,26.89537764754593
13548.735376262182,30.228096722241833
13549.735356731315,4.623482322125617
13550.735337200445,37.97410056617785
13551.735317669578,7.7499977877412425
13552.735298138708,7.199705859739282
13553.73527860784,28.527303164853482
13554.735259076971,17.144347701220415
13555.735239546104,32.200739064222596
13556.735220015235,18.317261449496154
13557.735200484367,18.52498094056715
13558.735180953498,41.498782443098754
13559.73516142263,13.773288693567727
13560.73514189176,25.17204445169887
13561.735122360891,13.720031533630312
13562.735102830024,28.63855364874814
13563.735083299154,9.84089150912884
13564.735063768287,35.97540202942575
13565.735044237417,28.97874272916898
13566.73502470655,45.51686068098746
13567.73500517568,18.70481819788525
13568.734985644813,31.60600275211526
13569.734966113943,38.895354237603556
13570.734946583076,23.85585900401387
13571.734927052206,11.046880820558886
13572.734907521339,35.83196027330534
13573.73488799047,25.717432698083726
13574.734868459602,6.5954356628630295
13575.734848928732,39.53179786792693
13576.734829397865,32.61215676913422
13577.734809866995,37.8244825230534
13578.734790336126,22.479684702160135
13579.734770805258,77.0199538531474
13580.734751274389,26.918316559805866
13581.734731743521,63.42256817907174
13582.734712212652,39.32498808736286
13583.734692681785,11.506668937778949
13584.734673150915,8.927332172225707
13585.734653620048,7.97957945713043
13586.734634089178,35.44905066192036
13587.73461455831,13.15155193227814
13588.734595027441,12.416287100906928
13589.734575496574,62.43501880343724
13590.734555965704,9.806503290048871
13591.734536434837,10.614405491455166
13592.734516903967,17.13351171002396
13593.7344973731,17.140368176475942
13594.73447784223,53.36880310584906
13595.73445831136,10.211269031662756
13596.734438780493,25.469616549478623
13597.734419249624,77.94845103208738
13598.734399718756,26.000817762580812
13599.734380187887,17.19870851916202
13600.73436065702,35.08337409417893
13601.73434112615,54.95993849406105
13602.734321595282,43.387215451127844
13603.734302064413,30.79104536191017
13604.734282533545,36.316038859132135
13605.734263002676,42.51413374841205
13606.734243471808,9.394822003401618
13607.734223940939,52.27972275149286
13608.734204410071,35.345063571206225
13609.734184879202,13.101500068750628
13610.734165348334,11.799045974524267
13611.734145817465,39.03669476480792
13612.734126286596,46.90135369194147
13613.734106755728,54.148285133144036
13614.734087224859,40.52906465681512
13615.734067693991,36.29241196596136
13616.734048163122,36.64052507431166
13617.734028632254,25.74403714364223
13618.734009101385,32.22780348369547
13619.733989570517,36.981814900893575
13620.733970039648,47.24364246570313
13621.73395050878,54.29285086801133
13622.73393097791,63.96545903141921
13623.733911447043,32.2270185241558
13624.733891916174,47.2962375034715
13625.733872385306,21.65766643928005
13626.733852854437,56.02948340649902
13627.73383332357,31.559336636908125
13628.7338137927,18.31115106466227
13629.733794261832,17.715641052675476
13630.733774730963,17.111346490987962
13631.733755200094,59.668435840343996
13632.733735669226,71.76038471060585
13633.733716138357,22.469436993886987
13634.733696607489,34.1103418294322
13635.73367707662,31.091073894237372
13636.733657545752,28.28811849603316
13637.733638014883,38.23853994494531
13638.733618484015,40.32208668705431
13639.733598953146,22.30587946865865
13640.733579422278,25.50046595427626
13641.733559891409,24.64244474354696
13642.733540360541,7.105827954457704
13643.733520829672,13.932352351623734
13644.733501298804,12.69258388040251
13645.733481767935,30.375281267052625
13646.733462237067,16.700024191821623
13647.733442706198,20.852411197419094
13648.733423175328,14.384112924278533
13649.73340364446,25.33882842546519
13650.733384113591,29.38198896408626
13651.733364582724,13.719339977046921
13652.733345051854,6.3679694281229775
13653.733325520987,5.22269073617255
13654.733305990118,8.179266824879397
13655.73328645925,46.1413894849955
13656.73326692838,15.38289805554735
13657.733247397513,12.326980284264373
13658.733227866644,17.7986690680042
13659.733208335776,30.08060099750249
13660.733188804907,10.153580193293408
13661.733169274039,11.867278205096952
13662.73314974317,23.904208307697743
13663.733130212302,30.500874548331062
13664.733110681433,21.230758845069843
13665.733091150563,73.47810007704105
13666.733071619696,27.301714008625847
13667.733052088826,16.06688561150777
13668.733032557959,16.63233484664224
13669.73301302709,8.798285977850432
13670.732993496222,31.72233577585611
13671.732973965352,44.74425683437021
13672.732954434485,11.952073207278376
13673.732934903615,28.925186097736958
13674.732915372748,39.2225819383793
13675.732895841878,26.636834595842796
13676.73287631101,15.123426694197352
13677.732856780141,5.200093834469837
13678.732837249274,8.590686268832298
13679.732817718404,4.380162152827826
13680.732798187537,78.02703826115312
13681.732778656668,22.21896576766747
13682.732759125798,33.917854773000485
13683.73273959493,9.492353698747298
13684.732720064061,24.012848105177266
13685.732700533194,34.54185727368195
13686.732681002324,36.47971476416788
13687.732661471457,16.835773847392712
13688.732641940587,21.816850458228036
13689.73262240972,9.52793042066078
13690.73260287885,32.21859029430974
13691.732583347983,22.720740390343067
13692.732563817113,10.192790368097592
13693.732544286246,43.672441971840875
13694.732524755376,23.83791697905091
13695.732505224509,36.575377806938285
13696.73248569364,13.309017524266983
13697.732466162772,29.88732809204788
13698.732446631902,17.409537182759294
13699.732427101033,23.986820872395622
13700.732407570165,20.05978740335443
13701.732388039296,38.67533692937095
13702.732368508428,58.08684742101035
13703.732348977559,9.4127457567017
13704.732329446691,23.749193464904018
13705.732309915822,30.717028864486654
13706.732290384954,31.088007076250193
13707.732270854085,27.198085729037604
13708.732251323217,30.20672175118912
13709.732231792348,39.553879578034234
13710.73221226148,36.154066709178
13711.732192730611,46.3405000431094
13712.732173199744,44.820259275246855
13713.732153668874,31.84781677470368
13714.732134138007,89.85439405047114
13715.732114607137,43.479048645163196
13716.732095076268,61.497390288571715
13717.7320755454,35.47482861658759
13718.73205601453,48.60755364861822
13719.732036483663,33.619355515668076
13720.732016952794,42.72645163599989
13721.731997421926,55.38535782204326
13722.731977891057,79.45330480756574
13723.73195836019,32.5143958323432
13724.73193882932,13.325672849674834
13725.731919298452,69.44824905525586
13726.731899767583,24.012766254311472
13727.731880236715,42.86696233832682
13728.731860705846,54.260946281629685
13729.731841174978,52.73310237953995
13730.731821644109,39.2412039314231
13731.731802113241,50.44788590610595
13732.731782582372,50.73879091387679
13733.731763051504,16.095336728309316
13734.731743520635,19.14263839292021
13735.731723989766,9.144767656013954
13736.731704458898,38.938593049995674
13737.731684928029,16.625755826559487
13738.731665397161,26.495987554767343
13739.731645866292,45.9327885841565
13740.731626335424,60.385419649803616
13741.731606804555,29.357046822434405
13742.731587273687,15.013157719149659
13743.731567742818,33.31416887389477
13744.73154821195,75.55783900066952
13745.73152868108,29.819671803537403
13746.731509150213,15.702368895053546
13747.731489619344,10.004050502160467
13748.731470088476,61.00929471830947
13749.731450557607,43.842873892323226
13750.73143102674,32.95744938208302
13751.73141149587,52.57064401965712
13752.731391965,44.31044811196384
13753.731372434133,34.05101918663855
13754.731352903264,66.59744239162677
13755.731333372396,63.52165768338561
13756.731313841527,54.98979535873203
13757.731294310659,47.786319207347674
13758.73127477979,21.179561936642592
13759.731255248922,2.492424449394226
13760.731235718053,16.97457554733075
13761.731216187185,17.63292174934335
13762.731196656316,22.834491344511907
13763.731177125448,21.325644184890386
13764.731157594579,10.329341625256513
13765.731138063711,19.964280633929775
13766.731118532842,27.90286834445753
13767.731099001974,15.022981708226324
13768.731079471105,31.89470305205183
13769.731059940235,3.7136078316632086
13770.731040409368,38.73934100283305
13771.731020878498,26.45153178909619
13772.73100134763,30.167037427255362
13773.730981816761,8.523748308342714
13774.730962285894,7.688978029941676
13775.730942755024,38.33715069555302
13776.730923224157,49.28204559527855
13777.730903693287,24.973279034335594
13778.73088416242,11.83883246993608
13779.73086463155,19.699755157196716
13780.730845100683,45.03055908740201
13781.730825569814,15.401730931080257
13782.730806038946,16.26864657590278
13783.730786508077,13.17031248880395
13784.730766977209,17.572931124921464
13785.73074744634,18.52984369698399
13786.73072791547,18.2402023054976
13787.730708384603,30.97538217737315
13788.730688853733,3.608345235136909
13789.730669322866,9.908995879925374
13790.730649791996,4.181789318621648
13791.730630261129,27.216265509950905
13792.73061073026,3.6319608002121484
13793.730591199392,20.681590949813213
13794.730571668522,29.069108280199945
13795.730552137655,6.258667345824196
13796.730532606785,15.980706393312778
13797.730513075918,26.396584824687512
13798.730493545048,36.29146790426784
13799.73047401418,4.869443106773773
13800.730454483311,39.31635511884874
13801.730434952444,51.53345101863634
13802.730415421574,25.734807920168013
13803.730395890705,17.960446522000634
13804.730376359837,42.59010893793221
13805.730356828968,24.957503044292693
13806.7303372981,11.467741801704712
13807.730317767231,16.887321191663776
13808.730298236364,25.0424808366594
13809.730278705494,39.01963233078586
13810.730259174627,33.39181350262789
13811.730239643757,16.579296839270295
13812.73022011289,49.2041807220524
13813.73020058202,41.96524709323325
13814.730181051153,26.551272442157728
13815.730161520283,23.922357115838754
13816.730141989416,67.3216535360187
13817.730122458546,16.14240737266997
13818.730102927679,24.261700862914672
13819.73008339681,51.561574633974004
13820.73006386594,53.65210715528972
13821.730044335072,8.431226665786355
13822.730024804203,26.187674159706106
13823.730005273335,29.130474781654335
13824.729985742466,21.782537672819327
13825.729966211598,9.849637461390008
13826.729946680729,38.31860007294608
13827.729927149861,47.44536081729539
13828.729907618992,23.594125923010527
13829.729888088124,25.163320735460147
13830.729868557255,29.296935671350262
13831.729849026387,34.61072488623545
13832.729829495518,58.4692763923929
13833.72980996465,14.742111391906619
13834.729790433781,7.0708276502889005
13835.729770902914,6.437142937805677
13836.729751372044,49.21246400998713
13837.729731841177,26.550346070105135
13838.729712310307,23.143073046337516
13839.729692779438,38.800740959851524
13840.72967324857,5.196257368744411
13841.7296537177,23.029993687374084
13842.729634186833,14.54062074033258
13843.729614655964,26.803705657209903
13844.729595125096,27.781921371208735
13845.729575594227,71.30072736476538
13846.72955606336,14.507101025496226
13847.72953653249,35.48549795010586
13848.729517001622,23.109416626300955
13849.729497470753,21.50287228562236
13850.729477939885,33.10117112060208
13851.729458409016,42.03285081936905
13852.729438878148,19.43289688893979
13853.729419347279,54.84376160723375
13854.729399816411,33.243518817921135
13855.729380285542,29.076236091733932
13856.729360754673,8.437679846069242
13857.729341223805,16.599302187694217
13858.729321692936,18.697829012559136
13859.729302162068,32.42463392608127
13860.729282631199,43.94267985674007
13861.729263100331,64.47714390285014
13862.729243569462,75.06276314779996
13863.729224038594,19.509445361959457
13864.729204507725,25.363808114475408
13865.729184976857,36.097309215323655
13866.729165445988,76.69135045838442
13867.72914591512,46.780292230317635
13868.72912638425,9.274227681678841
13869.729106853383,31.855558061737106
13870.729087322514,60.65100893793479
13871.729067791646,29.45344117425419
13872.729048260777,54.01476126424973
13873.729028729907,14.263611487907742
13874.72900919904,49.59957091035927
13875.72898966817,24.872822533692776
13876.728970137303,10.109614767929187
13877.728950606434,11.63018330085761
13878.728931075566,23.156463125084297
13879.728911544697,17.965153340578595
13880.728892013829,33.46244066372091
13881.72887248296,37.36414338753681
13882.728852952092,68.87212645723753
13883.728833421223,47.09575361895892
13884.728813890355,32.4843895378419
13885.728794359486,28.7950584191687
13886.728774828618,45.144595304660285
13887.728755297749,25.552261705897003
13888.728735766881,32.81607797901394
13889.728716236012,35.99729968421764
13890.728696705142,69.97289089903731
13891.728677174275,1.3302796149600882
13892.728657643405,19.398818525897035
13893.728638112538,25.300467123077674
13894.728618581668,46.44241985211225
13895.7285990508,48.188513104598826
13896.728579519931,39.475146031061385
13897.728559989064,12.342033163383341
13898.728540458194,23.432641080218346
13899.728520927327,21.07599601500785
13900.728501396457,42.65913732456788
13901.72848186559,30.27276511741571
13902.72846233472,15.01973838430608
13903.728442803853,6.619720480617931
13904.728423272983,12.795595500776077
13905.728403742116,30.76962916327862
13906.728384211247,21.1677452427647
13907.728364680377,31.116579921095425
13908.72834514951,40.13217942817966
13909.72832561864,43.838378345165644
13910.728306087773,26.289200663495247
13911.728286556903,57.16169214963625
13912.728267026036,67.59500517000664
13913.728247495166,50.560340494206876
13914.728227964299,41.35800352625224
13915.72820843343,38.872744708279996
13916.728188902562,46.62639169043447
13917.728169371692,32.11554837217091
13918.728149840825,45.183820892473705
13919.728130309955,30.527094327194508
13920.728110779088,19.541326971771678
13921.728091248218,37.25489273167883
13922.72807171735,35.139420916170714
13923.728052186481,38.239089281037856
13924.728032655612,61.331777767863876
13925.728013124744,30.225404346682346
13926.727993593875,49.58141051307171
13927.727974063007,27.13764699481939
13928.727954532138,39.910043332898375
13929.72793500127,25.84786657336244
13930.727915470401,24.52908611258416
13931.727895939533,12.475203617186944
13932.727876408664,15.72263645981939
13933.727856877797,18.045194082521185
13934.727837346927,28.82630128068324
13935.72781781606,5.058464897113329
13936.72779828519,26.60949709170469
13937.727778754323,18.466398145563858
13938.727759223453,18.37217533599834
13939.727739692586,32.16912202188199
13940.727720161716,31.13118487117272
13941.727700630847,38.54804753297062
13942.72768109998,25.45712261514457
13943.72766156911,30.886689902071815
13944.727642038242,1.5716107305296096
13945.727622507373,25.890614648114838
13946.727602976505,6.9447631606083435
13947.727583445636,34.20541294636919
13948.727563914768,19.503191166234444
13949.727544383899,26.072183864209073
13950.727524853031,5.665051402820582
13951.727505322162,27.45518758726055
13952.727485791294,37.95323452316869
13953.727466260425,34.86030827483242
13954.727446729557,26.679542336411252
13955.727427198688,27.77613287299839
13956.72740766782,12.304849764374666
13957.727388136951,3.338621607732714
13958.727368606083,20.776526574312093
13959.727349075214,5.213667332495659
13960.727329544345,39.07171927353119
13961.727310013477,48.25447973261117
13962.727290482608,39.814438249029834
13963.72727095174,33.96251285030523
13964.72725142087,11.217569275004166
13965.727231890003,19.66160542884478
13966.727212359134,21.586530396475347
13967.727192828266,30.26612932407592
13968.727173297397,6.798259202965309
13969.72715376653,5.518904344337418
13970.72713423566,54.81378046678509
13971.727114704792,22.248646205629534
13972.727095173923,28.26011570617208
13973.727075643055,25.77000652549387
13974.727056112186,24.70882374085043
13975.727036581318,9.73371543877457
13976.727017050449,17.49025244667949
13977.72699751958,0.7677373882131026
13978.726977988712,20.754614264993723
13979.726958457843,18.288717844121837
13980.726938926975,37.670306248471796
13981.726919396106,26.21696011623108
13982.726899865238,32.421053355342686
13983.726880334369,26.106398840630305
13984.726860803501,40.00939385832888
13985.726841272632,35.20235139634225
13986.726821741764,26.716100468007863
13987.726802210895,17.335161619887167
13988.726782680027,18.004723578971635
13989.726763149158,33.0250817103571
13990.72674361829,10.14684816947504
13991.72672408742,12.95202582293195
13992.726704556553,35.59411468350508
13993.726685025684,9.298249145756705
13994.726665494814,29.48925581946501
13995.726645963947,12.720233225837063
13996.726626433077,24.819782876338923
13997.72660690221,9.225454350122526
13998.72658737134,24.570670230334503
13999.726567840473,5.312020040500103
14000.726548309603,28.646927962495912
14001.726528778736,31.605483974600816
14002.726509247866,18.642891048408327
14003.726489716999,52.14960592481785
14004.72647018613,38.18931442720034
14005.726450655262,2.7445354298749014
14006.726431124393,16.687199883724023
14007.726411593525,16.839345112228035
14008.726392062656,22.723571423493656
14009.726372531788,27.04903680050101
14010.726353000919,41.00668182188249
14011.72633347005,44.040117332308505
14012.726313939182,43.694350605543164
14013.726294408312,41.04785473663827
14014.726274877445,61.49242198616542
14015.726255346575,17.102782051292152
14016.726235815708,30.893176953515923
14017.726216284838,31.224728509127363
14018.72619675397,19.656470077742313
14019.726177223101,63.61310244433177
14020.726157692234,56.89663924941413
14021.726138161364,23.94147688034656
14022.726118630497,32.57026679404096
14023.726099099627,27.418676102496153
14024.72607956876,34.41053868316723
14025.72606003789,18.079643509700805
14026.726040507023,25.832225384852116
14027.726020976153,13.65808280663382
14028.726001445284,28.61623490338641
14029.725981914416,21.88200455812906
14030.725962383547,47.638444981073505
14031.72594285268,10.325564826856949
14032.72592332181,55.14805131364117
14033.725903790943,64.70082683308156
14034.725884260073,46.50921634071122
14035.725864729206,11.45868233502415
14036.725845198336,26.248386306671893
14037.725825667469,8.243127088298046
14038.7258061366,38.14282205686462
14039.725786605732,37.45816491489558
14040.725767074862,27.842471125316234
14041.725747543995,45.148817474747545
14042.725728013125,28.403049344590737
14043.725708482258,48.5557656186149
14044.725688951388,41.234316954106326
14045.725669420519,30.548326966459793
14046.725649889651,17.160112943158623
14047.725630358782,10.568408118377917
14048.725610827914,43.268729812272426
14049.725591297045,21.88378817975992
14050.725571766177,22.086995731899126
14051.725552235308,23.52588687090444
14052.72553270444,16.780868574351494
14053.725513173571,8.341054184198441
14054.725493642703,26.221850038886096
14055.725474111834,6.74521502948626
14056.725454580966,30.76954191116023
14057.725435050097,11.77727744069519
14058.72541551923,14.623970920678953
14059.72539598836,81.72752044482088
14060.725376457493,65.78381234979655
14061.725356926623,6.467655733278223
14062.725337395756,65.2872796096845
14063.725317864886,42.05015574107125
14064.725298334017,60.200384211922334
14065.72527880315,80.82944100761956
14066.72525927228,60.12974971558994
14067.725239741412,93.16173285426053
14068.725220210543,54.318363049121935
14069.725200679675,72.73162543960987
14070.725181148806,31.875938354378025
14071.725161617938,36.11269179417754
14072.725142087069,42.27769854317441
14073.725122556201,22.82985353514371
14074.725103025332,53.67449000417012
14075.725083494464,49.95257699610319
14076.725063963595,22.205377004382267
14077.725044432727,1.1970794278762749
14078.725024901858,23.75354519575304
14079.72500537099,27.007982395209936
14080.724985840121,40.72429780892167
14081.724966309252,34.0635438461597
14082.724946778384,108.88369058789277
14083.724927247515,61.64257549591794
14084.724907716647,68.16221583997249
14085.724888185778,23.608214309337
14086.72486865491,35.839466889780674
14087.72484912404,40.76908893742149
14088.724829593173,32.152071696473726
14089.724810062304,55.58209948612917
14090.724790531436,47.87704179475391
14091.724771000567,54.78641958582414
14092.7247514697,57.65777211603647
14093.72473193883,18.366927507628045
14094.724712407962,46.66092738345391
14095.724692877093,24.086860532791096
14096.724673346225,52.47503786066087
14097.724653815356,53.96138609753344
14098.724634284486,26.152585750401244
14099.724614753619,15.395602161218655
14100.72459522275,17.190661697844863
14101.724575691882,24.447832893222348
14102.724556161013,27.595161433143357
14103.724536630145,39.27965874505001
14104.724517099276,34.450500861307056
14105.724497568408,65.70901230455303
14106.724478037539,67.09152516796055
14107.724458506671,47.08609137912611
14108.724438975802,30.842448194045065
14109.724419444934,38.71425280266071
14110.724399914065,42.75033479819793
14111.724380383197,33.6165138414585
14112.724360852328,20.754942387400455
14113.72434132146,13.744703686008075
14114.72432179059,26.809197085740674
14115.724302259721,72.63131874044132
14116.724282728854,11.609163484825109
14117.724263197984,24.20962465412228
14118.724243667117,48.64621854930824
14119.724224136247,34.45120580023606
14120.72420460538,15.360204376341963
14121.72418507451,18.29799291273963
14122.724165543643,54.53697294070747
14123.724146012773,1.2474402050517461
14124.724126481906,35.13771143077471
14125.724106951036,41.2017824851273
14126.724087420169,11.281725981606854
14127.7240678893,30.762507398182382
14128.724048358432,30.58361596477835
14129.724028827563,20.08862087326046
14130.724009296695,62.43006197874533
14131.723989765826,86.83950193054851
14132.723970234956,21.776789057968823
14133.723950704089,57.05697784723558
14134.72393117322,61.970004719020324
14135.723911642352,77.37510596623586
14136.723892111482,3.693713217545875
14137.723872580615,24.77462309241349
14138.723853049745,75.66895461529109
14139.723833518878,26.14435031043557
14140.723813988008,83.71262957917047
14141.72379445714,50.01313549834666
14142.723774926271,104.68258280946606
14143.723755395404,44.315828599689915
14144.723735864534,65.22222393619741
14145.723716333667,41.13202118663102
14146.723696802797,41.32186600810173
14147.72367727193,31.02153935615594
14148.72365774106,36.06516344880404
14149.723638210191,29.136637938672393
14150.723618679323,59.58447154446902
14151.723599148454,33.23878127588789
14152.723579617586,52.87476683717755
14153.723560086717,107.81110330081778
14154.72354055585,29.879945245044436
14155.72352102498,31.956878016321294
14156.723501494112,27.89409757014851
14157.723481963243,51.73137132280776
14158.723462432376,22.6427406172439
14159.723442901506,56.19591040489343
14160.723423370639,88.44452927199661
14161.72340383977,30.78099855423435
14162.723384308902,24.8929929838792
14163.723364778032,62.55417865723283
14164.723345247165,36.337744165606054
14165.723325716295,92.11102991076214
14166.723306185428,59.83719460063664
14167.723286654558,20.04036677334482
14168.723267123689,80.33423860462281
14169.723247592821,33.457656602277815
14170.723228061952,27.802845745213748
14171.723208531084,38.03947058888368
14172.723189000215,36.53638374962694
14173.723169469347,44.3236349239116
14174.723149938478,54.965042502076614
14175.72313040761,7.292829412400306
14176.723110876741,46.576428121112286
14177.723091345873,5.675980516655846
14178.723071815004,4.453304957920881
14179.723052284136,50.66468936555361
14180.723032753267,26.8632948750612
14181.7230132224,21.413121969606564
14182.72299369153,16.522627348635883
14183.722974160662,11.772215896385296
14184.722954629793,14.336517109717114
14185.722935098924,26.203420849076263
14186.722915568056,17.45383002536516
14187.722896037187,34.03064467048084
14188.72287650632,49.57150455177738
14189.72285697545,42.48991156230481
14190.722837444582,26.70618027850361
14191.722817913713,29.88606915854627
14192.722798382845,47.406020913577855
14193.722778851976,23.383170304618446
14194.722759321108,83.60674053843837
14195.722739790239,59.69910478963213
14196.722720259371,20.236447447521613
14197.722700728502,13.82496927523648
14198.722681197634,72.20797476085174
14199.722661666765,16.627530160362102
14200.722642135897,63.86713582676207
14201.722622605028,106.40100657288599
14202.722603074159,98.80847434708708
14203.722583543291,87.67451930193207
14204.722564012422,9.34557496804656
14205.722544481554,45.15378577009796
14206.722524950685,36.87610117944679
14207.722505419817,48.90965157271
14208.722485888948,39.4513386636644
14209.72246635808,9.203301901629237
14210.72244682721,39.19441536049731
14211.722427296343,25.451513821560464
14212.722407765474,15.329142401743082
14213.722388234606,37.729930028839874
14214.722368703737,18.665385646822518
14215.72234917287,27.920934849427336
14216.722329642,38.43271568920123
14217.722310111132,22.903939913576444
14218.722290580263,35.309428710490366
14219.722271049393,67.3569700199275
14220.722251518526,71.22841435252737
14221.722231987656,35.882911298374694
14222.722212456789,26.789747422615072
14223.72219292592,85.01423206191856
14224.722173395052,37.22219924664901
14225.722153864182,38.236736395279586
14226.722134333315,8.193481797536318
14227.722114802446,10.955333126372157
14228.722095271578,34.37452484630605
14229.722075740709,14.018057288563078
14230.722056209841,15.789489816944384
14231.722036678972,72.24791922069151
14232.722017148104,57.64946138065275
14233.721997617235,81.695452672279
14234.721978086367,41.46289684279377
14235.721958555498,46.25752074717926
14236.721939024628,23.293338123321696
14237.72191949376,58.15479055237627
14238.721899962891,48.06619843618764
14239.721880432024,68.32502994298895
14240.721860901154,90.67881192652563
14241.721841370287,28.570013982033302
14242.721821839417,36.88982492900214
14243.72180230855,86.46659734609132
14244.72178277768,13.784992651657399
14245.721763246813,13.573588704716139
14246.721743715943,38.27439009330254
14247.721724185076,39.601284486383506
14248.721704654206,62.338141785494216
14249.721685123339,22.48359752224328
14250.72166559247,24.133331661901547
14251.721646061602,8.287252182514434
14252.721626530732,31.8806195690736
14253.721606999863,6.061770491439153
14254.721587468995,27.702008111242492
14255.721567938126,34.51779275915014
14256.721548407259,23.94560579818436
14257.72152887639,55.93639271026802
14258.721509345522,31.588669304215227
14259.721489814652,19.360766544067125
14260.721470283785,47.18659424150605
14261.721450752915,30.868288402193375
14262.721431222048,33.66670876626241
14263.721411691178,18.93966733112436
14264.72139216031,63.12483901155438
14265.721372629441,4.430415858139232
14266.721353098574,27.074656136526322
14267.721333567704,31.601951060063357
14268.721314036837,54.93303657097677
14269.721294505967,8.272432024837187
14270.7212749751,17.75633483802468
14271.72125544423,20.230599232314216
14272.721235913361,36.45723494519452
14273.721216382493,19.192958901638395
14274.721196851624,21.736401852714593
14275.721177320756,25.79379595853885
14276.721157789887,43.122027044280635
14277.72113825902,22.75487594813912
14278.72111872815,15.902447272173163
14279.721099197282,38.639790596841245
14280.721079666413,22.916709604203756
14281.721060135545,21.106968209384824
14282.721040604676,48.597165528516264
14283.721021073809,12.05912653698582
14284.72100154294,14.669162030847055
14285.720982012072,34.70947167292958
14286.720962481202,34.62806648624473
14287.720942950335,44.998301868005356
14288.720923419465,35.194869087394096
14289.720903888596,28.949275266008684
14290.720884357728,29.48248389156894
14291.720864826859,12.614945131043076
14292.720845295991,21.84402586176849
14293.720825765122,8.483475388049927
14294.720806234254,53.47874296999392
14295.720786703385,24.495827225221078
14296.720767172517,26.623616211635003
14297.720747641648,28.471254781382825
14298.72072811078,9.935476419903178
14299.720708579911,32.10814441942853
14300.720689049043,63.160467657413264
14301.720669518174,19.239157723561597
14302.720649987306,12.420643273331628
14303.720630456437,81.96779318831027
14304.72061092557,61.24069438011924
14305.7205913947,69.34346289021377
14306.72057186383,32.70696147180141
14307.720552332963,64.9092711266775
14308.720532802094,14.843529511747011
14309.720513271226,74.39542701126894
14310.720493740357,48.91154081188533
14311.72047420949,24.058623983221455
14312.72045467862,46.11641191896234
14313.720435147752,73.48095104377703
14314.720415616883,91.47041715691527
14315.720396086015,54.38874225632205
14316.720376555146,38.56162645351601
14317.720357024278,106.17924195000302
14318.720337493409,95.83842575864139
14319.720317962541,20.552326747367296
14320.720298431672,51.9341867639516
14321.720278900804,47.51230517238443
14322.720259369935,71.61347843090145
14323.720239839065,30.268936690440842
14324.720220308198,41.964946744770906
14325.720200777329,45.52562431950168
14326.720181246461,44.99404581514442
14327.720161715592,33.34430084430545
14328.720142184724,61.22657281855379
14329.720122653855,23.411969614940077
14330.720103122987,31.000076399575214
14331.720083592118,26.4502827809469
14332.72006406125,93.60577658569365
14333.72004453038,22.072623708825656
14334.720024999513,59.51572105617116
14335.720005468644,19.75631756585188
14336.719985937776,83.71172473788964
14337.719966406907,40.456141779692175
14338.71994687604,10.081192434353971
14339.71992734517,50.900531807575454
14340.7199078143,22.966798626067355
14341.719888283433,14.665573777737068
14342.719868752563,21.21126622321391
14343.719849221696,23.915722507172724
14344.719829690826,12.284236412638082
14345.719810159959,16.850624160510296
14346.71979062909,23.046452628967224
14347.719771098222,7.176700472704572
14348.719751567352,19.074134925067302
14349.719732036485,1.3311595273414107
14350.719712505615,30.84172501093056
14351.719692974748,17.291570679029128
14352.719673443878,14.123457516559933
14353.719653913011,44.32536506985893
14354.719634382142,7.8760923947023675
14355.719614851274,45.09877457971661
14356.719595320405,26.520847416789106
14357.719575789535,29.38097621156534
14358.719556258668,36.03590696356866
14359.719536727798,28.3968892819056
14360.71951719693,41.327125027392306
14361.719497666061,32.32637528484703
14362.719478135194,51.72930620213331
14363.719458604324,13.759137463350104
14364.719439073457,37.10369459939136
14365.719419542587,41.42125116521274
14366.71940001172,20.64888441065505
14367.71938048085,76.66405267041944
14368.719360949983,33.99681333253768
14369.719341419113,4.088351524238108
14370.719321888246,77.08071064095819
14371.719302357376,58.27709331894318
14372.719282826509,45.90828849867955
14373.71926329564,28.576159550599627
14374.71924376477,26.14786215608662
14375.719224233902,69.27593076280678
14376.719204703033,2.128833595419132
14377.719185172165,34.90738248125564
14378.719165641296,45.05153446726605
14379.719146110428,59.973262820411186
14380.719126579559,76.363048562604
14381.719107048692,5.708277623416043
14382.719087517822,5.962800373067468
14383.719067986955,17.791411492916207
14384.719048456085,23.26004919003035
14385.719028925218,34.003008055469834
14386.719009394348,5.563407213287055
14387.71898986348,27.87829410705985
14388.718970332611,28.544209321033904
14389.718950801744,29.35033444456712
14390.718931270874,41.686114864220826
14391.718911740007,34.91853900637186
14392.718892209137,30.42018679294026
14393.718872678268,41.16020771430367
14394.7188531474,54.62377257695548
14395.71883361653,28.409461714515036
14396.718814085663,19.73280438250454
14397.718794554794,22.47806052643353
14398.718775023926,35.55360548117717
14399.718755493057,29.475733661511654
14400.71873596219,43.812690442817214
14401.71871643132,28.918760356474074
14402.718696900452,99.0685503189208
14403.718677369583,25.705961236131184
14404.718657838715,51.55825495486989
14405.718638307846,38.77419429604639
14406.718618776978,9.365749263621787
14407.718599246109,17.12595372156982
14408.718579715242,33.61109145331906
14409.718560184372,40.3953292606419
14410.718540653503,20.73155089634911
14411.718521122635,14.269604421857773
14412.718501591766,27.656792167217596
14413.718482060898,33.79072463083279
14414.718462530029,29.028541598790166
14415.718442999161,24.341617401504035
14416.718423468292,35.35394606232597
14417.718403937424,25.81783542660685
14418.718384406555,30.215782862451572
14419.718364875687,26.760493694839514
14420.718345344818,17.22359983537451
14421.71832581395,16.096506240682288
14422.71830628308,5.370683972276123
14423.718286752213,31.15645172797115
14424.718267221344,11.072632113290737
14425.718247690476,2.8593512392229385
14426.718228159607,24.034956387058227
14427.718208628738,40.125481036696534
14428.71818909787,23.12579871669893
14429.718169567,7.0536036208313
14430.718150036133,29.605953724768042
14431.718130505264,9.954639723555548
14432.718110974396,27.322617116973625
14433.718091443527,53.93400975472405
14434.718071912659,55.74795102612575
14435.71805238179,31.615360936165214
14436.718032850922,53.31978524462239
14437.718013320053,41.83424875148812
14438.717993789185,55.73648572735809
14439.717974258316,75.38367112442629
14440.717954727448,28.824380951047182
14441.717935196579,21.14809119061169
14442.717915665711,22.142171002300728
14443.717896134842,14.450533203956486
14444.717876603972,42.56475572000764
14445.717857073105,17.923097339663453
14446.717837542235,20.77307294629434
14447.717818011368,4.224017424244982
14448.717798480498,1.721513772206878
14449.71777894963,11.903057574897849
14450.717759418761,15.866174752065477
14451.717739887894,7.164809032920651
14452.717720357025,13.954976212483022
14453.717700826157,12.26879098058986
14454.717681295288,46.53188436758344
14455.71766176442,29.67648073732349
14456.71764223355,26.645009471955703
14457.717622702683,12.801681633303199
14458.717603171814,41.84301519656352
14459.717583640946,53.33299772721024
14460.717564110077,29.25737971220664
14461.717544579207,45.47212111563268
14462.71752504834,13.089159273453124
14463.71750551747,23.28514694471813
14464.717485986603,14.28976000490881
14465.717466455733,18.962816120856054
14466.717446924866,43.03297338416249
14467.717427393996,24.054817328804116
14468.717407863129,36.75308086201976
14469.71738833226,23.42911149511542
14470.717368801392,34.86776767052816
14471.717349270522,26.837936449039567
14472.717329739655,13.855577179987188
14473.717310208785,55.05348766842224
14474.717290677918,31.373794372659976
14475.717271147048,21.944959149797935
14476.71725161618,37.58573483899706
14477.717232085311,21.080775127109966
14478.717212554442,16.165101421819468
14479.717193023575,16.50404862325115
14480.717173492705,32.831785824974695
14481.717153961838,29.97375500468936
14482.717134430968,51.73998669870322
14483.7171149001,10.641259477190697
14484.717095369231,24.853226456071454
14485.717075838364,15.479857758151365
14486.717056307494,29.554713691930708
14487.717036776627,16.35498503264398
14488.717017245757,14.717659507029394
14489.71699771489,19.7788578177646
14490.71697818402,14.83285304308621
14491.716958653153,28.653054952565835
14492.716939122283,7.951932621878189
14493.716919591416,24.402397046535487
14494.716900060546,10.640002015818734
14495.716880529679,18.3021565279403
14496.71686099881,21.718572905203
14497.71684146794,39.21700833907459
14498.716821937072,38.164791463651994
14499.716802406203,22.688560243306718
14500.716782875335,43.14880043692277
14501.716763344466,16.968572041021325
14502.716743813598,29.902551524918238
14503.716724282729,9.662172681015074
14504.716704751861,12.476305896632065
14505.716685220992,56.97905159044404
14506.716665690125,27.15928937640119
14507.716646159255,20.639818757938418
14508.716626628388,19.766600892323297
14509.716607097518,35.240586801729
14510.71658756665,16.608996320128423
14511.716568035781,28.604467989784755
14512.716548504914,29.9787437600209
14513.716528974044,55.06726778372306
14514.716509443175,53.98482264365871
14515.716489912307,29.755136228377243
14516.716470381438,31.497567683039325
14517.71645085057,25.38452096199734
14518.7164313197,34.94199164350809
14519.716411788833,25.940442821720914
14520.716392257964,25.733014471109193
14521.716372727096,31.758179092660374
14522.716353196227,24.006317745277695
14523.71633366536,86.56078627371639
14524.71631413449,15.514824348085487
14525.716294603622,10.649792449792345
14526.716275072753,19.77496635548997
14527.716255541885,15.427370399143328
14528.716236011016,34.860819150978344
14529.716216480148,21.65992571668489
14530.716196949279,30.67411990800889
14531.71617741841,26.112373702776505
14532.716157887542,33.61824653254159
14533.716138356673,32.79969297264422
14534.716118825805,22.47255537455236
14535.716099294936,50.192694931286475
14536.716079764068,28.136788748570385
14537.716060233199,21.66253232029367
14538.716040702331,56.35459557520193
14539.716021171462,80.5564787309984
14540.716001640594,13.908233826349088
14541.715982109725,24.17346129579509
14542.715962578857,49.08269853499835
14543.715943047988,44.638748325003135
14544.71592351712,42.25307265932785
14545.71590398625,9.77353814056879
14546.715884455383,13.095058913079752
14547.715864924514,41.168192886800306
14548.715845393644,29.132091134325318
14549.715825862777,27.95405503209305
14550.715806331908,5.320667677346279
14551.71578680104,35.011886675418296
14552.71576727017,54.1479194435826
14553.715747739303,64.30048239121479
14554.715728208434,8.892534103824845
14555.715708677566,49.96551598640309
14556.715689146697,40.82971217203772
14557.715669615829,38.52310935948658
14558.71565008496,29.90321008372637
14559.715630554092,29.416508810776445
14560.715611023223,22.417954860677806
14561.715591492355,34.26216153267449
14562.715571961486,10.384911898410833
14563.715552430618,14.26951077593812
14564.715532899749,41.57621690745807
14565.71551336888,22.782862294776347
14566.715493838012,12.55861987950169
14567.715474307142,45.69187659969319
14568.715454776275,69.45301727319314
14569.715435245405,19.120018178475124
14570.715415714538,20.06203323855363
14571.715396183668,2.0186078810474695
14572.7153766528,29.097132370430195
14573.715357121931,26.34957577549392
14574.715337591064,19.872975004081272
14575.715318060194,17.728231647297967
14576.715298529327,41.19626330033578
14577.715278998458,49.60769979706429
14578.71525946759,11.353192430008772
14579.71523993672,28.52756502329171
14580.715220405853,25.31752743617118
14581.715200874984,11.808599492800516
14582.715181344114,11.835176451278018
14583.715161813247,6.878521361936525
14584.715142282377,32.39968230188239
14585.71512275151,19.994930744864234
14586.71510322064,20.017841509653216
14587.715083689773,17.848416456294128
14588.715064158903,8.564006139766855
14589.715044628036,34.38803883983492
14590.715025097166,47.40308460484955
14591.715005566299,28.764929382107866
14592.71498603543,2.1330534731281503
14593.714966504562,23.672769650942303
14594.714946973692,26.761051462668973
14595.714927442825,16.614527976535975
14596.714907911955,12.301877301005215
14597.714888381088,27.19079814574923
14598.714868850218,60.0687462179366
14599.71484931935,33.99802313692104
14600.714829788481,26.989081366658407
14601.714810257612,51.413569289517596
14602.714790726744,27.110520039275453
14603.714771195875,24.635652996738813
14604.714751665007,28.44030499707814
14605.714732134138,27.62340725514496
14606.71471260327,28.94929031675141
14607.714693072401,22.56445263312435
14608.714673541534,29.16256145892411
14609.714654010664,27.966168116476428
14610.714634479797,3.8503251751843233
14611.714614948927,20.51609638034761
14612.71459541806,12.553364748915879
14613.71457588719,31.49708449449174
14614.714556356323,25.551409862048843
14615.714536825453,27.160336764622684
14616.714517294586,25.006280836922503
14617.714497763716,33.75284906812289
14618.714478232847,16.405038303550658
14619.71445870198,8.236911126087094
14620.71443917111,43.80218122241944
14621.714419640242,27.097387464359812
14622.714400109373,18.946341914598193
14623.714380578505,20.336766668588478
14624.714361047636,13.763922263788729
14625.714341516768,11.873949230802882
14626.714321985899,14.818138379564605
14627.714302455031,42.56640124425469
14628.714282924162,11.986752193940795
14629.714263393294,8.383975060392011
14630.714243862425,0.831959247146394
14631.714224331557,18.862571059111353
14632.714204800688,9.919357226343829
14633.71418526982,30.819676669704435
14634.714165738951,6.12453239824034
14635.714146208082,28.734506948448864
14636.714126677214,41.090297765613215
14637.714107146345,28.623390311213612
14638.714087615477,8.199424683455797
14639.714068084608,17.03973691761575
14640.71404855374,14.044595012424557
14641.71402902287,15.12010441236211
14642.714009492003,26.78821703450424
14643.713989961134,19.45702450608382
14644.713970430266,15.725047939150672
14645.713950899397,13.404288048357817
14646.71393136853,35.72628721193325
14647.71391183766,59.17088697482462
14648.713892306792,22.73880965600041
14649.713872775923,6.086046588368506
14650.713853245055,12.909181485054559
14651.713833714186,23.297694766203144
14652.713814183317,19.343706249739434
14653.713794652449,44.563033085242175
14654.71377512158,24.645686892909268
14655.713755590712,9.148801621118547
14656.713736059843,27.272389569966542
14657.713716528975,31.568028941201188
14658.713696998106,53.13502662504952
14659.713677467238,11.863822678544704
14660.713657936369,34.6434124152573
14661.713638405501,20.90324879805422
14662.713618874632,20.913931183093766
14663.713599343764,12.411202619400596
14664.713579812895,3.5233290082378463
14665.713560282027,14.632433374989965
14666.713540751158,48.91499616766764
14667.71352122029,0.2360267598342757
14668.71350168942,11.968540699389488
14669.713482158551,16.6749567272144
14670.713462627684,14.117214662288108
14671.713443096814,7.887448065866104
14672.713423565947,25.963147396197108
14673.713404035077,24.750125601815967
14674.71338450421,8.991484131971637
14675.71336497334,31.424992639416526
14676.713345442473,38.239644333445426
14677.713325911604,12.111085988392993
14678.713306380736,13.657556798250058
14679.713286849867,14.980638493765628
14680.713267318999,9.594399077592495
14681.71324778813,40.565094411758324
14682.713228257262,41.43624456204419
14683.713208726393,34.21776448092287
14684.713189195525,17.074885884191016
14685.713169664656,17.51541854863174
14686.713150133786,7.277252622929201
14687.713130602919,30.02819797873372
14688.71311107205,26.237336488763475
14689.713091541182,68.19004233219809
14690.713072010312,54.27803020826674
14691.713052479445,33.55473890945568
14692.713032948575,26.5600134596051
14693.713013417708,16.25369977241362
14694.712993886838,19.175108254150025
14695.71297435597,21.780884785694404
14696.712954825101,35.787426127989846
14697.712935294234,17.234545057243945
14698.712915763364,26.13576399666812
14699.712896232497,21.548308265237054
14700.712876701627,19.358385158115635
14701.71285717076,45.48385434817063
14702.71283763989,39.124008587364415
14703.712818109023,15.283040569219368
14704.712798578154,27.084184282049502
14705.712779047284,35.18858764767247
14706.712759516417,37.115388010166036
14707.712739985547,11.672992360905347
14708.71272045468,27.32049145122285
14709.71270092381,30.205046453073574
14710.712681392943,40.214414857809636
14711.712661862073,28.747911022514884
14712.712642331206,29.07791777102457
14713.712622800336,39.159214032857065
14714.712603269469,7.7156618506667005
14715.7125837386,15.406878325318306
14716.712564207732,20.2583499072712
14717.712544676862,29.066947936347013
14718.712525145995,33.18516301545988
14719.712505615125,17.739110739468924
14720.712486084258,40.091834795159464
14721.712466553388,31.84713168550322
14722.712447022519,7.026745794587968
14723.712427491651,65.56401443062857
14724.712407960782,9.605135784604894
14725.712388429914,55.61204874523571
14726.712368899045,73.76895459885695
14727.712349368177,25.97285983521868
14728.712329837308,55.068859588000166
14729.71231030644,54.59742664314095
14730.712290775571,44.291317424697056
14731.712271244704,44.25878382119506
14732.712251713834,44.73119124088907
14733.712232182967,22.756420041102047
14734.712212652097,84.82259934349239
14735.71219312123,36.31331828648151
14736.71217359036,10.134032967092013
14737.712154059493,19.040698655088207
14738.712134528623,47.7085503853718
14739.712114997754,28.5033880137098
14740.712095466886,14.552068377313843
14741.712075936017,111.25047795933813
14742.71205640515,73.21798313962968
14743.71203687428,69.34295359852979
14744.712017343412,34.26389377101037
14745.711997812543,48.83082455442372
14746.711978281675,39.6828177243128
14747.711958750806,17.930377137462255
14748.711939219938,35.904979994858635
14749.711919689069,27.34509271922149
14750.711900158201,54.01433960610237
14751.711880627332,20.02703116298652
14752.711861096464,35.3577697289729
14753.711841565595,20.43681059331059
14754.711822034727,26.270244024147434
14755.711802503858,2.1168711705648255
14756.711782972989,27.296514512417257
14757.711763442121,51.04484490473674
14758.711743911252,21.012237892347656
14759.711724380384,25.351488328399146
14760.711704849515,18.73817533786148
14761.711685318647,35.3363615635845
14762.711665787778,25.484860966798234
14763.71164625691,24.822270426610274
14764.71162672604,37.17598752310595
14765.711607195173,35.71127959639802
14766.711587664304,44.398767038042344
14767.711568133436,31.270184985075993
14768.711548602567,38.66427262038252
14769.7115290717,49.44825180762283
14770.71150954083,26.927791668241586
14771.711490009962,15.260165832981217
14772.711470479093,31.852109416302625
14773.711450948224,49.36443187437011
14774.711431417356,34.925005715424554
14775.711411886487,28.734803453220415
14776.711392355619,6.736438005478839
14777.71137282475,20.32737450502698
14778.711353293882,28.792286386496418
14779.711333763013,47.118109766020915
14780.711314232145,12.068038444474649
14781.711294701276,43.6902902461113
14782.711275170408,16.56295995973754
14783.711255639539,27.332682795032323
14784.711236108671,5.822441871624785
14785.711216577802,17.00936844146776
14786.711197046934,28.320446425713662
14787.711177516065,23.379955910336857
14788.711157985197,56.0504329600122
14789.711138454328,6.63778700633493
14790.711118923458,56.936237443383526
14791.71109939259,60.878614017760235
14792.711079861721,16.870836362989476
14793.711060330854,4.473785685071169
14794.711040799984,46.633474769994535
14795.711021269117,40.972093318863685
14796.711001738247,31.537128787869065
14797.71098220738,13.928965601143826
14798.71096267651,17.983527756389844
14799.710943145643,40.40342837726577
14800.710923614773,44.729958583322066
14801.710904083906,41.91869551982213
14802.710884553037,6.033894381440056
14803.710865022169,45.99822582388737
14804.7108454913,16.235729784243194
14805.710825960432,7.076101887276451
14806.710806429563,52.247947528686275
14807.710786898693,24.553264395101223
14808.710767367826,5.922812073920723
14809.710747836956,21.09777951305492
14810.710728306089,30.02889073482063
14811.71070877522,14.582685019530652
14812.710689244352,10.896615971475388
14813.710669713482,6.446615908252779
14814.710650182615,20.283958633976187
14815.710630651745,7.905380056772361
14816.710611120878,34.45437895725024
14817.710591590008,40.6427852703045
14818.71057205914,12.410719016519463
14819.710552528271,35.213405578769375
14820.710532997404,30.93409113308937
14821.710513466534,12.477756831682626
14822.710493935667,11.186296248792628
14823.710474404797,22.89036773891884
14824.71045487393,4.026981829508868
14825.71043534306,20.523305527483203
14826.710415812191,20.738365571362134
14827.710396281323,25.01022278485381
14828.710376750454,25.670741030227866
14829.710357219587,23.804569384317436
14830.710337688717,16.35220151398293
14831.71031815785,17.280710809581546
14832.71029862698,18.13298318065726
14833.710279096113,24.27898039028084
14834.710259565243,17.453309006593003
14835.710240034376,12.582242651852816
14836.710220503506,11.792331265639596
14837.710200972639,21.55498675263262
14838.71018144177,13.208436133678951
14839.710161910902,11.734581924206678
14840.710142380032,12.550784705203524
14841.710122849165,50.24332298302372
14842.710103318295,20.930485157740833
14843.710083787426,6.02263917423646
14844.710064256558,24.878141316599095
14845.710044725689,43.815498812730674
14846.710025194821,16.276441079044513
14847.710005663952,9.589705001163829
14848.709986133084,15.747963851674653
14849.709966602215,18.376897315525262
14850.709947071347,18.317818208588914
14851.709927540478,19.415452491228333
14852.70990800961,30.876733942390885
14853.709888478741,22.253065696916746
14854.709868947873,19.17794614728852
14855.709849417004,10.27510013129787
14856.709829886137,10.935897592894435
14857.709810355267,19.24932628740014
14858.7097908244,33.715699434569956
14859.70977129353,29.42926466769143
14860.70975176266,25.7397406583204
14861.709732231793,28.78172100519096
14862.709712700924,16.194439841040623
14863.709693170056,15.77165901579095
14864.709673639187,27.184159564874914
14865.70965410832,13.086963176603502
14866.70963457745,13.067883235351509
14867.709615046582,35.20149536627137
14868.709595515713,7.305986356669778
14869.709575984845,57.022043609154935
14870.709556453976,27.25489940076659
14871.709536923108,34.513923301565306
14872.709517392239,37.09370521076855
14873.709497861371,39.36978307640901
14874.709478330502,36.211541212296204
14875.709458799634,21.79748352962696
14876.709439268765,30.75021471253952
14877.709419737896,53.583430750324
14878.709400207028,13.427005697457453
14879.709380676159,42.83184319482341
14880.709361145291,22.478328867850866
14881.709341614422,41.29381776438848
14882.709322083554,37.163468021403304
14883.709302552685,12.757304138044535
14884.709283021817,13.775960973889893
14885.709263490948,11.264978086163266
14886.70924396008,10.644899645031154
14887.70922442921,6.440981963867943
14888.709204898343,15.225926110570915
14889.709185367474,28.144281038423614
14890.709165836606,34.02550518443345
14891.709146305737,35.71584432672416
14892.70912677487,20.69116353893768
14893.709107244,33.62984556545119
14894.70908771313,22.046829851806265
14895.709068182263,20.12386975025193
14896.709048651393,16.45496552775442
14897.709029120526,22.510621887160088
14898.709009589656,10.707402590986515
14899.708990058789,8.883462146949292
14900.70897052792,18.474226039653743
14901.708950997052,9.703425267819243
14902.708931466183,9.998583429080371
14903.708911935315,25.05009066938887
14904.708892404446,27.236459919762996
14905.708872873578,18.299702115716855
14906.708853342709,26.07970627946957
14907.708833811841,11.11922604342157
14908.708814280972,12.37303098968613
14909.708794750104,27.921431282699146
14910.708775219235,18.450017490217967
14911.708755688365,5.1008536928630575
14912.708736157498,20.035932118020334
14913.708716626628,15.567013378759647
14914.70869709576,9.862483975809363
14915.708677564891,36.8881017214865
14916.708658034024,19.205580755344105
14917.708638503154,26.154489297959177
14918.708618972287,16.967817783158267
14919.708599441417,9.31509676642225
14920.70857991055,15.033574458898176
14921.70856037968,29.766991139476087
14922.708540848813,17.486567968647574
14923.708521317943,18.471742827174907
14924.708501787076,29.590382932766488
14925.708482256206,9.738853368568021
14926.708462725339,36.07489555479968
14927.70844319447,23.673961562558667
14928.708423663602,19.309282272257658
14929.708404132733,35.37191914881675
14930.708384601863,33.34065118832257
14931.708365070996,19.142712508556706
14932.708345540126,15.88532651421685
14933.708326009259,47.23263346151968
14934.70830647839,13.818071699060237
14935.708286947522,16.819731700737393
14936.708267416652,10.529377777437723
14937.708247885785,20.331649366138084
14938.708228354915,4.417235380485868
14939.708208824048,6.8857551792116585
14940.708189293178,4.133784025681002
14941.70816976231,37.039331101934465
14942.708150231441,11.311112285402796
14943.708130700574,1.7335422064145456
14944.708111169704,8.212366834007856
14945.708091638837,5.59858487269408
14946.708072107967,9.166984717097847
14947.708052577098,18.563351679839
14948.70803304623,15.611193472397284
14949.708013515361,15.412723301524878
14950.707993984493,30.08514839520821
14951.707974453624,27.54133314870041
14952.707954922756,18.339468288731055
14953.707935391887,22.031009175066593
14954.70791586102,18.959443945396462
14955.70789633015,18.597147851162493
14956.707876799283,11.103585782538339
14957.707857268413,21.25580559588138
14958.707837737546,6.491096247484692
14959.707818206676,13.603443385992755
14960.707798675809,19.283862767831458
14961.70777914494,34.15725257415154
14962.707759614072,6.132333628827029
14963.707740083202,6.136826488067277
14964.707720552333,8.140585885667722
14965.707701021465,41.42812983770535
14966.707681490596,45.452857293683046
14967.707661959728,44.661226323136525
14968.707642428859,17.903120645948476
14969.707622897991,43.09937342588442
14970.707603367122,37.57157034242854
14971.707583836254,22.805160455418104
14972.707564305385,17.746120115752245
14973.707544774517,45.52631950333497
14974.707525243648,15.838302669086179
14975.70750571278,58.441940399221366
14976.707486181911,29.453213485923236
14977.707466651043,30.740213723755875
14978.707447120174,5.837505046943947
14979.707427589306,12.137192460197568
14980.707408058437,25.042242681322204
14981.707388527568,63.84994524985561
14982.7073689967,10.03487258552708
14983.70734946583,4.8504058974552
14984.707329934963,30.70007765695403
14985.707310404094,32.60967467432382
14986.707290873226,37.034589691671705
14987.707271342357,7.746492658671057
14988.70725181149,28.393532208571035
14989.70723228062,26.529970440986236
14990.707212749752,18.925955793777426
14991.707193218883,63.61815934987791
14992.707173688015,41.12184283081611
14993.707154157146,52.848775048541114
14994.707134626278,30.90141453622586
14995.707115095409,29.83489033152421
14996.707095564541,30.463088230474504
14997.707076033672,48.944070907385154
14998.707056502803,58.02628230595625
14999.707036971935,16.575113022252424
15000.707017441066,10.46273164754311
15001.706997910198,18.819950345907746
15002.706978379329,35.027620764741236
15003.706958848461,3.2639858125176997
15004.706939317592,29.410675805597336
15005.706919786724,24.9512835864727
15006.706900255855,14.47839373849858
15007.706880724987,6.072773266897814
15008.706861194118,29.722637271322032
15009.70684166325,15.041300166532878
15010.70682213238,10.048762220808452
15011.706802601513,21.08879010157519
15012.706783070644,10.604102230290174
15013.706763539776,17.486146889134208
15014.706744008907,6.937924678046707
15015.706724478037,30.946555528764645
15016.70670494717,33.60517777845085
15017.7066854163,19.101639454434313
15018.706665885433,16.791746720683026
15019.706646354563,19.432232713166613
15020.706626823696,12.049270646982558
15021.706607292826,18.561759802725472
15022.706587761959,2.8314521262116914
15023.70656823109,7.512733594970727
15024.706548700222,8.957385852306711
15025.706529169353,12.39427617508754
15026.706509638485,23.351521536310667
15027.706490107616,33.953796024698114
15028.706470576748,27.178359953144778
15029.706451045879,34.44589254831732
15030.706431515011,14.733682362071862
15031.706411984142,23.034498112853104
15032.706392453274,37.04707053779009
15033.706372922405,19.116786109343362
15034.706353391535,36.77625193743772
15035.706333860668,31.13090965006553
15036.706314329798,24.599883646614845
15037.70629479893,43.154510760897864
15038.706275268061,29.735493646365214
15039.706255737194,32.5768110160061
15040.706236206324,27.858735775056015
15041.706216675457,10.21585127888094
15042.706197144587,45.26035368648056
15043.70617761372,31.489910169399057
15044.70615808285,41.19045975036111
15045.706138551983,11.366709397791219
15046.706119021113,16.458927425816082
15047.706099490246,15.10176770877129
15048.706079959376,4.2844824204802245
15049.706060428509,13.171700238682165
15050.70604089764,16.47451679891935
15051.70602136677,9.537758594152216
15052.706001835902,58.49848309463081
15053.705982305033,8.856596098882124
15054.705962774166,47.27537257270092
15055.705943243296,10.540240579086955
15056.705923712429,32.263732034748266
15057.70590418156,13.305253191992344
15058.705884650692,0.7653649064429217
15059.705865119822,25.28410154679225
15060.705845588955,34.41106270761298
15061.705826058085,56.487229637409776
15062.705806527218,16.923330106917337
15063.705786996348,43.64488573704945
15064.70576746548,38.68128336896073
15065.705747934611,53.321834201152875
15066.705728403744,20.573794467914507
15067.705708872874,9.936538617889646
15068.705689342005,10.924152111220355
15069.705669811137,28.176180214516496
15070.705650280268,15.753626994922767
15071.7056307494,58.5625902759429
15072.705611218531,29.3769345533653
15073.705591687663,26.65661282415284
15074.705572156794,24.77342516220779
15075.705552625926,23.178697220910568
15076.705533095057,15.601467475654543
15077.70551356419,13.667806128861955
15078.70549403332,23.725943806228294
15079.705474502452,15.86591909584222
15080.705454971583,7.378144740479875
15081.705435440716,26.68934013314977
15082.705415909846,18.72947777647555
15083.705396378979,14.180612504355121
15084.70537684811,19.692478163974737
15085.70535731724,24.320215280146506
15086.705337786372,17.80557840263755
15087.705318255503,41.72809281730452
15088.705298724635,5.266821232297985
15089.705279193766,9.59808617270229
15090.705259662898,33.89651900994751
15091.705240132029,3.209909927105694
15092.705220601161,7.255380724872927
15093.705201070292,18.408882629558335
15094.705181539424,2.475517668135335
15095.705162008555,11.710602912004813
15096.705142477687,19.09503639676578
15097.705122946818,8.552978088790393
15098.70510341595,5.575894595751052
15099.705083885081,17.33372105676986
15100.705064354213,22.331862277355622
15101.705044823344,19.771429959374025
15102.705025292475,15.411652362250804
15103.705005761607,13.131485623924984
15104.704986230738,2.0258511696654566
15105.70496669987,15.854994610681153
15106.704947169,1.8791690098387483
15107.704927638133,20.608886243144298
15108.704908107264,8.078066461255354
15109.704888576396,21.97753338986777
15110.704869045527,8.288740295023022
15111.70484951466,21.706348270731365
15112.70482998379,9.539960249469779
15113.704810452922,12.125826777811946
15114.704790922053,11.47764257385779
15115.704771391185,18.1710184864622
15116.704751860316,8.450730774856565
15117.704732329448,15.377233415112142
15118.704712798579,24.254490971756184
15119.70469326771,4.940516826793258
15120.704673736842,12.7474259820753
15121.704654205972,2.3930227619593043
15122.704634675105,8.336377880759446
15123.704615144236,30.167402259767375
15124.704595613368,27.12130049693
15125.704576082499,24.51242927866177
15126.704556551631,22.653431504168132
15127.704537020762,37.58308161581441
15128.704517489894,18.443570421167074
15129.704497959025,6.9124642593167565
15130.704478428157,31.003221420050753
15131.704458897288,6.425225991154152
15132.70443936642,8.869186929353278
15133.70441983555,12.237590177006883
15134.704400304683,5.293791217368011
15135.704380773814,37.141946755354454
15136.704361242946,13.761844485255626
15137.704341712077,18.343247014995615
15138.704322181207,3.3964896817120094
15139.70430265034,22.958980951602726
15140.70428311947,18.321918167502005
15141.704263588603,21.834367955033336
15142.704244057733,21.58183454614294
15143.704224526866,21.67299161732096
15144.704204995996,18.971311978071427
15145.704185465129,25.640463476989503
15146.70416593426,9.344866449942742
15147.704146403392,24.270009846074814
15148.704126872522,17.89141998902008
15149.704107341655,14.64083145595177
15150.704087810785,9.531924506590359
15151.704068279918,5.6473153151930955
15152.704048749049,26.26551949436625
15153.704029218181,18.388618585573553
15154.704009687312,9.313611453963231
15155.703990156442,12.08739275207645
15156.703970625575,20.68297332631157
15157.703951094705,28.031442739666044
15158.703931563838,32.49056919274363
15159.703912032968,9.171200118649786
15160.7038925021,24.462208155839154
15161.703872971231,12.050307479451597
15162.703853440364,28.60290877535012
15163.703833909494,28.180143695670306
15164.703814378627,31.003121881846216
15165.703794847757,18.85042901836672
15166.70377531689,20.934736435057133
15167.70375578602,32.454118700073906
15168.703736255153,45.27928026553728
15169.703716724283,36.328210421013196
15170.703697193416,15.1928309662534
15171.703677662546,43.55461253132336
15172.703658131677,17.018794583819655
15173.70363860081,34.563405124457056
15174.70361906994,26.640175948065576
15175.703599539072,23.29546538719787
15176.703580008203,35.968479848645984
15177.703560477335,27.742151620874356
15178.703540946466,19.137252799017936
15179.703521415599,17.63952538215249
15180.70350188473,19.86123150839934
15181.703482353862,11.380262618275511
15182.703462822992,8.876597184020696
15183.703443292125,23.45445941305
15184.703423761255,20.55313247946546
15185.703404230388,22.90562434291135
15186.703384699518,22.5692103856566
15187.70336516865,11.1528814928307
15188.703345637781,16.774749112309216
15189.703326106912,38.69744731038527
15190.703306576044,4.975525434238543
15191.703287045175,40.79997916970785
15192.703267514307,19.716058298193452
15193.703247983438,30.006913800195456
15194.70322845257,18.806283011433464
15195.703208921701,27.947427204886868
15196.703189390833,12.378680224185178
15197.703169859964,6.005244457125114
15198.703150329096,14.952263945180704
15199.703130798227,25.228527103225158
15200.70311126736,21.8369616508743
15201.70309173649,8.482580794996233
15202.703072205622,10.761890696758304
15203.703052674753,22.751608480867304
15204.703033143885,37.29589010039225
15205.703013613016,45.74755536558439
15206.702994082147,17.81085280621201
15207.70297455128,31.779012659704172
15208.70295502041,23.246334299682115
15209.702935489542,52.819370565945576
15210.702915958673,88.09638882584223
15211.702896427805,23.567597192828213
15212.702876896936,18.08337785908608
15213.702857366068,31.24337103358934
15214.702837835199,17.62911642928643
15215.702818304331,46.11720434738034
15216.702798773462,10.647903495767597
15217.702779242594,26.41081887032401
15218.702759711725,19.702165157411184
15219.702740180857,63.20534421292693
15220.702720649988,12.583894779791326
15221.70270111912,11.378769785477669
15222.702681588251,4.095347350575671
15223.702662057382,43.03866936457233
15224.702642526514,44.609256120251246
15225.702622995645,52.37258044477216
15226.702603464777,30.762184816533924
15227.702583933908,24.62216471527593
15228.70256440304,25.356256606596894
15229.70254487217,44.828430673296744
15230.702525341303,35.16918228352957
15231.702505810434,43.619816948228944
15232.702486279566,69.43536444581484
15233.702466748697,69.54539524712531
15234.70244721783,11.212017075095371
15235.70242768696,50.051552171993386
15236.702408156092,73.54373226056816
15237.702388625223,41.328693748826524
15238.702369094355,36.60412593824295
15239.702349563486,42.47621250906054
15240.702330032616,66.7793485297417
15241.702310501749,49.83584887819777
15242.70229097088,55.82526372241868
15243.702271440012,20.338806744497322
15244.702251909142,65.72542750481594
15245.702232378275,26.38456869603625
15246.702212847405,41.772382276991735
15247.702193316538,24.50375938994659
15248.702173785668,35.920582486182646
15249.702154254801,19.533109230116853
15250.702134723932,26.040775583341482
15251.702115193064,21.47157501352043
15252.702095662195,39.72670517472116
15253.702076131327,6.494592895261812
15254.702056600458,9.929690277708675
15255.70203706959,6.252194642666032
15256.70201753872,37.7626641456431
15257.701998007853,17.217554424249247
15258.701978476984,14.10779592149388
15259.701958946114,9.677542430797754
15260.701939415247,27.989283280977784
15261.701919884377,9.705300691525052
15262.70190035351,21.034772428091784
15263.70188082264,12.703297721756753
15264.701861291773,14.022104545320904
15265.701841760903,27.91296736415897
15266.701822230036,21.2136006510811
15267.701802699166,15.186112901960767
15268.701783168299,29.057189868632552
15269.70176363743,6.147796605307708
15270.701744106562,31.692348775124586
15271.701724575692,17.40179876322775
15272.701705044825,25.203372162427527
15273.701685513955,9.477525454288807
15274.701665983088,21.887126742880394
15275.701646452218,11.959691224002793
15276.701626921349,40.57825686178948
15277.701607390482,11.147664387425898
15278.701587859612,26.887913585990777
15279.701568328745,14.419389243716363
15280.701548797875,25.16408438406638
15281.701529267008,22.126962270051173
15282.701509736138,24.67132208167888
15283.70149020527,25.398135698570147
15284.701470674401,8.729850357348381
15285.701451143534,12.03138527610341
15286.701431612664,16.27111242806934
15287.701412081797,16.914604818266127
15288.701392550927,13.182657975182693
15289.70137302006,23.352325311429656
15290.70135348919,37.598208660423836
15291.701333958323,53.677111313500006
15292.701314427453,22.83855660614108
15293.701294896584,37.73885331068745
15294.701275365716,12.754805331554584
15295.701255834847,19.742166367005257
15296.70123630398,15.737816989582393
15297.70121677311,17.85869036809531
15298.701197242242,22.810730560438852
15299.701177711373,6.89572554646777
15300.701158180505,5.059542405385549
15301.701138649636,66.37448503576745
15302.701119118768,41.68523380839546
15303.701099587899,32.95253089613516
15304.701080057032,64.69089544183625
15305.701060526162,23.1196133871103
15306.701040995295,59.61877872183304
15307.701021464425,19.69098007604355
15308.701001933558,37.58310317192074
15309.700982402688,13.342710560824344
15310.700962871819,25.88965674493394
15311.700943340951,41.68063472797404
15312.700923810082,3.2929930373986513
15313.700904279214,15.266409499888635
15314.700884748345,15.47650642294625
15315.700865217477,3.642518494622121
15316.700845686608,26.36062313468818
15317.70082615574,26.608971895825984
15318.70080662487,27.248761526604028
15319.700787094003,15.832033170626747
15320.700767563134,15.591361942242667
15321.700748032266,7.435167877443194
15322.700728501397,5.521175210115207
15323.70070897053,35.955802622457526
15324.70068943966,14.952707690555814
15325.700669908792,23.639240357802777
15326.700650377923,16.265223946122294
15327.700630847054,4.649704994084096
15328.700611316186,2.8767822666613565
15329.700591785317,42.66506704402733
15330.700572254449,26.25418080438191
15331.70055272358,8.634355759861789
15332.700533192712,28.209803742581272
15333.700513661843,8.408221898825735
15334.700494130975,7.5369897040013445
15335.700474600106,4.141843272432102
15336.700455069238,20.58726082583152
15337.700435538369,37.842290693929435
15338.700416007501,20.36410109085318
15339.700396476632,21.68250813015155
15340.700376945764,16.80749124179033
15341.700357414895,6.496178037420449
15342.700337884027,14.921359845288746
15343.700318353158,14.203787956851633
15344.700298822288,22.890633112988386
15345.70027929142,21.0304597136208
15346.700259760551,19.939183657020703
15347.700240229684,9.629047185288249
15348.700220698815,29.05203748109536
15349.700201167947,8.24192965603445
15350.700181637078,20.254703015463292
15351.70016210621,19.234463788685016
15352.70014257534,16.493264929309454
15353.700123044473,5.370531909167465
15354.700103513604,30.431962779566344
15355.700083982736,14.577263240515252
15356.700064451867,10.045842695489037
15357.700044920999,13.848448147298189
15358.70002539013,25.05872598148341
15359.700005859262,11.297145679999542
15360.699986328393,29.741863716681518
15361.699966797525,40.35034237327457
15362.699947266656,7.035575318013139
15363.699927735786,19.118036015983996
15364.699908204919,14.102975476567812
15365.69988867405,23.16143049916368
15366.699869143182,32.675767504907505
15367.699849612312,6.810089537136996
15368.699830081445,33.517735827276
15369.699810550575,12.26382911952499
15370.699791019708,18.51658889764938
15371.699771488838,11.227174065123226
15372.69975195797,22.77048578942632
15373.699732427101,21.898701327140206
15374.699712896234,18.36607043154124
15375.699693365365,21.697915245716302
15376.699673834497,20.455049961704603
15377.699654303628,16.14706273659144
15378.69963477276,14.8729875176147
15379.69961524189,28.286071410646404
15380.699595711021,13.571517506992542
15381.699576180154,4.344737903697406
15382.699556649284,5.721745315625983
15383.699537118417,18.085236605930582
15384.699517587547,5.302074584916833
15385.69949805668,6.528963148665992
15386.69947852581,15.07569707629017
15387.699458994943,3.392845490516606
15388.699439464073,23.45042133659514
15389.699419933206,12.4930318543139
15390.699400402336,11.322408033088346
15391.699380871469,7.2859187344505525
15392.6993613406,33.00885183024086
15393.699341809732,28.347602653711277
15394.699322278862,17.112223558402516
15395.699302747995,8.472805151026748
15396.699283217125,5.159971285108704
15397.699263686256,22.34416663556076
15398.699244155388,18.78266903143336
15399.699224624519,25.10207438311407
15400.699205093651,17.729613861925834
15401.699185562782,6.817281250279382
15402.699166031915,23.88169249017739
15403.699146501045,7.699881549162023
15404.699126970178,18.634172261370495
15405.699107439308,11.991269683560406
15406.69908790844,3.345517000338126
15407.699068377571,15.169224523283072
15408.699048846704,17.015963809328735
15409.699029315834,54.12179831154987
15410.699009784967,14.094780874963636
15411.698990254097,26.408132138384083
15412.69897072323,14.661676763732942
15413.69895119236,10.273886501140689
15414.69893166149,3.9738243513781346
15415.698912130623,48.99165240714959
15416.698892599754,14.892390118430272
15417.698873068886,27.789737617029214
15418.698853538017,21.53609875310013
15419.69883400715,13.07627501731582
15420.69881447628,18.804785189037688
15421.698794945412,22.14758385438026
15422.698775414543,28.60247854520834
15423.698755883675,22.255385950171835
15424.698736352806,18.026776527033554
15425.698716821938,11.507749841664038
15426.698697291069,11.791357026229825
15427.698677760201,12.158353284888408
15428.698658229332,15.373445455083566
15429.698638698464,34.4768457087334
15430.698619167595,2.285987761038727
15431.698599636726,15.701315790384998
15432.698580105858,31.31976015449752
15433.698560574989,20.84076607338261
15434.698541044121,17.865359241131436
15435.698521513252,23.126165861909815
15436.698501982384,19.00945017873551
15437.698482451515,19.878060595472274
15438.698462920647,24.19857037741398
15439.698443389778,20.25332091869257
15440.69842385891,31.405922760841804
15441.69840432804,26.191750821050135
15442.698384797173,33.67516542876421
15443.698365266304,21.20240846013842
15444.698345735436,24.44027655885033
15445.698326204567,11.919772054996546
15446.6983066737,20.974061979609132
15447.69828714283,9.52566468954101
15448.69826761196,9.763070594202794
15449.698248081093,25.532048625049416
15450.698228550224,26.832520830484523
15451.698209019356,30.379945668903023
15452.698189488487,37.25887655012351
15453.698169957619,21.407350264897772
15454.69815042675,32.429140950472714
15455.698130895882,20.94609105476327
15456.698111365013,14.591823351617121
15457.698091834145,12.246360103482465
15458.698072303276,40.36486716412601
15459.698052772408,19.236601136205095
15460.698033241539,29.303486510636684
15461.698013710671,57.80239520086266
15462.697994179802,41.50359713936114
15463.697974648934,23.127216310005227
15464.697955118065,29.179162995944836
15465.697935587197,24.05559640760876
15466.697916056328,6.411427312437542
15467.697896525458,17.577718101944125
15468.69787699459,2.918243050708056
15469.697857463721,21.12038128198743
15470.697837932854,10.368865003646448
15471.697818401984,21.02676620400166
15472.697798871117,18.858045157905174
15473.697779340248,23.64421374482131
15474.69775980938,18.79679488324142
15475.69774027851,14.498306422416531
15476.697720747643,11.06978836194702
15477.697701216774,11.007872977841606
15478.697681685906,36.636106566837256
15479.697662155037,33.82119201667687
15480.697642624169,13.8179249973862
15481.6976230933,19.770754863377093
15482.697603562432,20.775616836420774
15483.697584031563,12.03523829648528
15484.697564500693,14.205602487446571
15485.697544969826,5.422452015130964
15486.697525438956,16.80416566208917
15487.697505908089,8.918196689159018
15488.69748637722,4.123196264750684
15489.697466846352,15.29231076201798
15490.697447315482,30.613685837202205
15491.697427784615,8.479288146103142
15492.697408253745,21.944662729875887
15493.697388722878,4.155243234782453
15494.697369192008,18.786338711187746
15495.69734966114,13.047822878686597
15496.697330130271,23.505368793270183
15497.697310599404,24.127912050729325
15498.697291068534,27.349896434313195
15499.697271537667,4.12890092032544
15500.697252006797,5.308557362362665
15501.697232475928,6.777780896238342
15502.69721294506,7.944335065610679
15503.697193414191,15.367818747686117
15504.697173883324,1.9328743706968514
15505.697154352454,8.394284975183924
15506.697134821587,4.906329909221799
15507.697115290717,12.582211589332912
15508.69709575985,7.441321739985046
15509.69707622898,32.421613523929736
15510.697056698113,5.444657886164307
15511.697037167243,11.272524664456144
15512.697017636376,22.832267553103566
15513.696998105506,9.850368337416233
15514.696978574639,14.046950573176142
15515.69695904377,23.95342337486371
15516.696939512902,21.56258118845728
15517.696919982032,22.441280526416996
15518.696900451163,22.944481029787436
15519.696880920295,14.462311456896547
15520.696861389426,21.393459107018543
15521.696841858558,27.0490045751494
15522.696822327689,7.712661102931034
15523.696802796821,29.088430600828868
15524.696783265952,19.038761357199085
15525.696763735084,14.28018995311542
15526.696744204215,14.808140481696611
15527.696724673347,11.457387898172216
15528.696705142478,21.62181190279074
15529.69668561161,3.4886610013041515
15530.696666080741,11.482486467498232
15531.696646549874,10.798787742002029
15532.696627019004,27.588445128872753
15533.696607488137,19.919203260215603
15534.696587957267,28.051096045479504
15535.696568426398,11.26661235472971
15536.69654889553,26.299638821184683
15537.69652936466,26.653053565653654
15538.696509833793,14.557832515619753
15539.696490302924,43.075162286463765
15540.696470772056,45.4536767521814
15541.696451241187,27.956413188341095
15542.69643171032,29.26911036732749
15543.69641217945,24.007582115656906
15544.696392648582,20.731820188569575
15545.696373117713,33.59473851254832
15546.696353586845,35.36563090285736
15547.696334055976,38.9828534959937
15548.696314525108,33.658951409706944
15549.696294994239,42.28886390965851
15550.696275463371,18.031759174818372
15551.696255932502,12.877429136802645
15552.696236401633,24.591413870497593
15553.696216870765,32.71612303025949
15554.696197339896,19.49191187470383
15555.696177809028,29.89061459246512
15556.696158278159,1.0628893952514284
15557.696138747291,2.9957718736895305
15558.696119216422,15.037234524527872
15559.696099685554,27.122527352530767
15560.696080154685,13.874459577407956
15561.696060623817,27.821273681635468
15562.696041092948,26.385592331214006
15563.69602156208,25.25057434940831
15564.69600203121,11.534106358399962
15565.695982500343,21.261267240215194
15566.695962969474,37.08397797141655
15567.695943438606,18.34995004845661
15568.695923907737,8.098696252926366
15569.695904376867,10.17277961218771
15570.695884846,2.522862285974994
15571.69586531513,22.172047573827538
15572.695845784263,7.457583482624527
15573.695826253394,12.313647762865655
15574.695806722526,15.13471591843286
15575.695787191657,4.375192645902189
15576.695767660789,2.58580419813557
15577.69574812992,18.65857459371159
15578.695728599052,6.059211855082369
15579.695709068183,15.50937710202918
15580.695689537315,24.895450490820465
15581.695670006446,26.774279583045775
15582.695650475578,20.780018187157882
15583.695630944709,24.256975629910983
15584.695611413841,15.162279228680124
15585.695591882972,23.64348143838039
15586.695572352104,1.8503769858342374
15587.695552821235,12.08555530111115
15588.695533290365,20.59527234556198
15589.695513759498,13.298463671859704
15590.695494228628,32.2250132815568
15591.69547469776,8.354618099071558
15592.695455166891,69.5013686133844
15593.695435636024,13.852994090754729
15594.695416105154,7.440011342014984
15595.695396574287,14.11155992687863
15596.695377043417,25.909499431132343
15597.69535751255,27.8710997475761
15598.69533798168,31.583543562183134
15599.695318450813,37.863270034724934
15600.695298919944,14.326812147971252
15601.695279389076,6.564706629313457
15602.695259858207,33.78457873624488
15603.695240327339,16.836551256539245
15604.69522079647,36.413106016758356
15605.6952012656,19.390732593601818
15606.695181734733,31.06075083305445
15607.695162203863,28.64414044825951
15608.695142672996,10.678570921242992
15609.695123142126,14.882176451999802
15610.695103611259,26.748693705751304
15611.69508408039,31.569957579397784
15612.695064549522,27.439682486392496
15613.695045018652,13.0036171465918
15614.695025487785,14.754280206907085
15615.695005956915,4.246684842551079
15616.694986426048,12.7676591699508
15617.694966895178,15.640282074906889
15618.69494736431,12.778543504830342
15619.694927833441,20.629403737488865
15620.694908302574,5.398732911788825
15621.694888771704,4.596930695665723
15622.694869240835,16.951581542224897
15623.694849709967,11.472077153743816
15624.694830179098,18.407539339670308
15625.69481064823,11.437606380386912
15626.694791117361,6.304518050415348
15627.694771586494,15.363380707765822
15628.694752055624,11.57286111648926
15629.694732524757,20.438687880337294
15630.694712993887,15.190329061829946
15631.69469346302,14.388541351603331
15632.69467393215,10.687138010655538
15633.694654401283,10.122092612723375
15634.694634870413,22.461890560211675
15635.694615339546,18.481106577825063
15636.694595808676,7.4724313142982455
15637.694576277809,31.60403094489461
15638.69455674694,22.77303463004703
15639.69453721607,17.79599242085864
15640.694517685202,21.16115571384558
15641.694498154333,18.69723682370243
15642.694478623465,5.633863430747613
15643.694459092596,14.795028930116843
15644.694439561728,15.882256680677058
15645.694420030859,15.333923454883402
15646.694400499991,9.860728808997395
15647.694380969122,8.623153180622957
15648.694361438254,5.978598039354434
15649.694341907385,39.49970316435759
15650.694322376517,7.449774005436331
15651.694302845648,16.311250671643432
15652.69428331478,32.224808172814555
15653.694263783911,11.401170800137448
15654.694244253044,17.968185445179724
15655.694224722174,11.380135402398924
15656.694205191305,4.450209667969596
15657.694185660437,13.400776547106775
15658.694166129568,15.97219723088476
15659.6941465987,9.969162151378825
15660.69412706783,16.65218542187469
15661.694107536963,10.970528062493646
15662.694088006094,25.302588070161466
15663.694068475226,21.430859953700857
15664.694048944357,1.2424781628089008
15665.69402941349,11.402379669045825
15666.69400988262,16.788830176831777
15667.693990351752,23.467639149858922
15668.693970820883,8.308591910970655
15669.693951290015,22.004220139465648
15670.693931759146,25.090285287935195
15671.693912228278,22.615087850238943
15672.693892697409,33.022484181299845
15673.69387316654,17.42407460807267
15674.693853635672,20.76667643793271
15675.693834104803,2.513924763581436
15676.693814573935,9.034584878996682
15677.693795043066,11.541536854753106
15678.693775512198,4.8630122492117245
15679.693755981329,7.197589576650371
15680.693736450461,5.29062824058961
15681.693716919592,11.213008868633525
15682.693697388724,5.760228192166533
15683.693677857855,20.728677844866727
15684.693658326987,18.6430415200075
15685.693638796118,20.34657662827471
15686.69361926525,19.864874736030114
15687.69359973438,19.536544647585348
15688.693580203513,13.438011702038859
15689.693560672644,17.90533749508412
15690.693541141776,3.5486716952220867
15691.693521610907,6.1273242215948995
15692.693502080037,5.459111298624374
15693.69348254917,17.598891193148027
15694.6934630183,13.881698957557745
15695.693443487433,13.055921908739222
15696.693423956563,13.827723232836664
15697.693404425696,18.828126343885224
15698.693384894827,28.339730422877274
15699.693365363959,22.046686183757593
15700.69334583309,19.946703180621533
15701.693326302222,13.28979376677215
15702.693306771353,26.519966816582908
15703.693287240485,7.123051204178917
15704.693267709616,13.834803538527694
15705.693248178748,15.294322694960545
15706.693228647879,36.72813275921856
15707.693209117011,30.07763959777701
15708.693189586142,12.707070115519784
15709.693170055272,12.64838128356788
15710.693150524405,1.4093668501645398
15711.693130993535,26.888757573797978
15712.693111462668,19.059850937543985
15713.693091931798,15.621925014692716
15714.69307240093,4.7709214651540535
15715.693052870061,15.276907730963316
15716.693033339194,14.053932839595648
15717.693013808324,5.5322773804020136
15718.692994277457,24.090458399444337
15719.692974746587,21.987161765801055
15720.69295521572,4.940580030871111
15721.69293568485,16.97750232180371
15722.692916153983,13.224719711019429
15723.692896623113,28.16078497518019
15724.692877092246,16.602597408541293
15725.692857561377,24.65215566392634
15726.692838030507,9.84017358193939
15727.69281849964,2.2945910114057075
15728.69279896877,21.325704795995442
15729.692779437903,17.150325295438073
15730.692759907033,11.752318162373044
15731.692740376166,10.463878740869587
15732.692720845296,8.687091004428146
15733.692701314429,20.21280819137099
15734.69268178356,50.106955073289605
15735.692662252692,4.728059161710251
15736.692642721822,9.697769236558107
15737.692623190955,13.501613435071077
15738.692603660085,9.5711347098654
15739.692584129218,22.954823350343244
15740.692564598348,10.41819664425514
15741.69254506748,21.211238870753814
15742.692525536611,5.966078561237394
15743.692506005742,25.78235460632467
15744.692486474874,9.171382389434863
15745.692466944005,5.924728500968699
15746.692447413137,1.7758612746238556
15747.692427882268,16.41195928756245
15748.6924083514,18.579325995251306
15749.692388820531,10.435400241002768
15750.692369289663,7.007536977976628
15751.692349758794,1.0482097349705575
15752.692330227927,7.22325442082844
15753.692310697057,7.480214052584784
15754.69229116619,5.00639408096144
15755.69227163532,19.85765467396194
15756.692252104453,15.295202877124055
15757.692232573583,9.14463300265887
15758.692213042716,16.572807238979916
15759.692193511846,22.782057418183165
15760.692173980977,18.11294849236581
15761.69215445011,3.197502409828263
15762.69213491924,17.75316919193762
15763.692115388372,23.52914770783093
15764.692095857503,8.72243284359175
15765.692076326635,16.963731601116276
15766.692056795766,15.383986834861304
15767.692037264898,20.108863203839356
15768.692017734029,11.973897478074328
15769.691998203161,18.769150234976134
15770.691978672292,4.530930095519839
15771.691959141424,10.940296302873843
15772.691939610555,16.61826263512294
15773.691920079687,7.790022812912933
15774.691900548818,14.66158018615113
15775.69188101795,3.9432781844975473
15776.691861487081,4.080740704615667
15777.691841956212,14.805057827612858
15778.691822425344,2.6932518639239813
15779.691802894475,14.085213149973482
15780.691783363607,15.009404930185363
15781.691763832738,12.938629741211056
15782.69174430187,7.90707565242873
15783.691724771,21.894035952159935
15784.691705240133,4.830772385412894
15785.691685709264,9.111636681364784
15786.691666178396,18.242888192815553
15787.691646647527,4.973049487510316
15788.69162711666,7.420022716634796
15789.69160758579,4.165220518541076
15790.691588054922,14.183041906757522
15791.691568524053,5.1149948882681056
15792.691548993185,21.982921530870804
15793.691529462316,14.574112120115675
15794.691509931448,5.264566239366621
15795.691490400579,7.811271760400331
15796.69147086971,10.795760118928635
15797.691451338842,10.241152899079859
15798.691431807973,18.72068855517707
15799.691412277105,19.564561450994645
15800.691392746236,10.428502838150393
15801.691373215368,12.212029685847464
15802.691353684499,22.648735235401148
15803.691334153631,30.647267931169942
15804.691314622762,30.076120582186288
15805.691295091894,11.309756951976379
15806.691275561025,12.411268425297978
15807.691256030157,16.929321241604864
15808.691236499288,4.321854152124544
15809.69121696842,26.38416431836107
15810.69119743755,35.374790262374674
15811.691177906683,18.55811822155363
15812.691158375814,26.484708106337674
15813.691138844944,14.357051550443504
15814.691119314077,29.998452076291382
15815.691099783207,7.0618402394873385
15816.69108025234,15.86046821786304
15817.69106072147,8.587366095067656
15818.691041190603,7.468214928647114
15819.691021659733,6.984313214637556
15820.691002128866,26.270934141815406
15821.690982597996,28.288607880400058
15822.690963067129,10.44138826861139
15823.69094353626,4.641206348364803
15824.690924005392,34.00794294755592
15825.690904474523,19.66323478744631
15826.690884943655,19.144486860318523
15827.690865412786,9.382130355336198
15828.690845881918,16.819169717280825
15829.690826351049,17.811558938855093
15830.69080682018,11.299499217892853
15831.690787289312,7.341971426322304
15832.690767758442,14.78084885661518
15833.690748227575,10.384577995160921
15834.690728696705,8.35160074365231
15835.690709165838,19.61827585825713
15836.690689634968,20.714480994708385
15837.6906701041,7.5611918230090085
15838.690650573231,20.80921650837141
15839.690631042364,26.726185355424015
15840.690611511494,14.058967415026363
15841.690591980627,18.139866489094494
15842.690572449757,23.186462537694382
15843.69055291889,26.620534497680612
15844.69053338802,6.358629285920302
15845.690513857153,10.398086796327451
15846.690494326283,6.650554485027791
15847.690474795414,23.19220527911644
15848.690455264546,25.042665914174048
15849.690435733677,11.299561979014175
15850.69041620281,19.200472781468005
15851.69039667194,5.970142766766005
15852.690377141073,15.492998907835725
15853.690357610203,24.23976511081865
15854.690338079336,12.488771602463776
15855.690318548466,20.755414952725065
15856.690299017599,19.580055358372
15857.69027948673,12.949624302783027
15858.690259955862,14.406985073229349
15859.690240424992,22.368070158408884
15860.690220894125,22.9538877226099
15861.690201363255,8.835464096600104
15862.690181832388,18.09096042472989
15863.690162301518,11.936355148112975
15864.690142770649,9.36409338320609
15865.690123239781,9.618557639931533
15866.690103708912,7.4075240313966
15867.690084178044,7.922076949878433
15868.690064647175,3.9864450484518272
15869.690045116307,17.203545564099944
15870.690025585438,18.421032735481358
15871.69000605457,21.740339040562205
15872.689986523701,11.431343996468017
15873.689966992833,26.090778139399735
15874.689947461964,22.480188632102603
15875.689927931096,17.307085894234206
15876.689908400227,12.27451346154926
15877.68988886936,3.213769535660992
15878.68986933849,19.663658596786213
15879.689849807623,3.274383774444724
15880.689830276753,13.2930916608689
15881.689810745884,10.466917857312273
15882.689791215016,12.659662391631528
15883.689771684147,7.362550279674961
15884.68975215328,6.47905373813726
15885.68973262241,9.421593854804172
15886.689713091542,2.824891837609274
15887.689693560673,15.180966879049947
15888.689674029805,2.7333126190604027
15889.689654498936,20.846081857530766
15890.689634968068,18.81621240273892
15891.689615437199,16.533333448143143
15892.689595906331,7.6643198625387114
15893.689576375462,5.799824626145413
15894.689556844594,14.920978977238256
15895.689537313725,11.568986398766986
15896.689517782857,6.4299614634332665
15897.689498251988,22.924275721340273
15898.68947872112,14.56223594302343
15899.689459190251,17.030735012816727
15900.689439659382,26.410100622562343
15901.689420128514,4.577386084055921
15902.689400597645,12.691881560738056
15903.689381066777,12.909767354679854
15904.689361535908,11.834877142923443
15905.68934200504,5.68308277692634
15906.68932247417,14.166784611034881
15907.689302943303,6.971410179582134
15908.689283412434,25.023006083886294
15909.689263881566,4.77662235375184
15910.689244350697,25.624772869798974
15911.68922481983,11.244815595829715
15912.68920528896,4.264216999444347
15913.689185758092,5.7043817670383845
15914.689166227223,6.427203517286772
15915.689146696355,8.300000112077438
15916.689127165486,10.413403448645017
15917.689107634616,29.841263788834794
15918.689088103749,11.944759805908411
15919.68906857288,15.895524441563698
15920.689049042012,10.290571347547559
15921.689029511143,30.508971847234665
15922.689009980275,22.516939085689224
15923.688990449406,3.984077047663645
15924.688970918538,2.3751476804236695
15925.688951387669,9.800006008117165
15926.688931856801,7.30582845077722
15927.688912325932,7.386576773477863
15928.688892795064,8.293108583399546
15929.688873264195,18.2978627208838
15930.688853733327,18.013373876105717
15931.688834202458,14.133574048337916
15932.68881467159,13.19774761468774
15933.68879514072,14.980873565758587
15934.688775609851,26.608326289212368
15935.688756078984,17.104391916925287
15936.688736548114,18.67479281236816
15937.688717017247,31.727356395184234
15938.688697486377,12.804136870930314
15939.68867795551,22.6279170668815
15940.68865842464,5.431597916498696
15941.688638893773,15.067429498041681
15942.688619362903,28.89691224583477
15943.688599832036,15.307287480096878
15944.688580301166,15.142184560051726
15945.688560770299,27.187675199729952
15946.68854123943,22.24492809725994
15947.688521708562,22.457610160733545
15948.688502177692,15.635137076547263
15949.688482646825,15.7510147362886
15950.688463115956,34.82542932643624
15951.688443585086,33.43718358140702
15952.688424054219,28.712188893828642
15953.68840452335,17.12701934156258
15954.688384992482,12.987774316317969
15955.688365461612,2.4466683237377387
15956.688345930745,21.286220850179127
15957.688326399875,26.43213292171025
15958.688306869008,23.27330076657275
15959.688287338138,11.328358255831482
15960.68826780727,16.774744243435215
15961.688248276401,25.393555575419505
15962.688228745534,7.70226925180889
15963.688209214664,14.718144428866253
15964.688189683797,14.167401539819588
15965.688170152927,8.122723783346887
15966.68815062206,26.182976017371917
15967.68813109119,6.331312692194203
15968.688111560321,10.284218400440695
15969.688092029453,11.349618866032621
15970.688072498584,8.340413236621641
15971.688052967716,19.559057409664053
15972.688033436847,11.695673461451204
15973.68801390598,17.641497031268358
15974.68799437511,10.86985444305289
15975.687974844242,10.30914764860826
15976.687955313373,1.9795331029742065
15977.687935782506,15.62668346569866
15978.687916251636,23.740443048313686
15979.687896720769,8.782715687819223
15980.6878771899,10.406000771654314
15981.687857659032,19.993649341432242
15982.687838128162,4.0163049813170355
15983.687818597295,6.2162247087670925
15984.687799066425,11.898868855304919
15985.687779535556,10.521735473853429
15986.687760004688,13.645417589348796
15987.687740473819,11.232094699911933
15988.687720942951,18.204271127885782
15989.687701412082,15.694749974781853
15990.687681881214,3.4809441854026124
15991.687662350345,13.802957291798679
15992.687642819477,26.242183507859643
15993.687623288608,20.52292943060333
15994.68760375774,7.762921029874003
15995.687584226871,18.841828473196582
15996.687564696003,14.045415979770143
15997.687545165134,15.355096925426077
15998.687525634266,22.788173519824763
15999.687506103397,10.072813860159735
16000.68748657253,13.900112715157602
16001.68746704166,35.5938661328248
16002.68744751079,4.3891439250045625
16003.687427979923,18.29074453957897
16004.687408449054,33.64800980436266
16005.687388918186,9.100636334144173
16006.687369387317,18.59516490630746
16007.68734985645,13.338134128800979
16008.68733032558,6.23930279055819
16009.687310794712,11.131803934285603
16010.687291263843,11.235550510047505
16011.687271732975,14.32391773298332
16012.687252202106,13.628402947958195
16013.687232671238,16.757405881592728
16014.687213140369,5.400302067891707
16015.687193609501,7.088699501308141
16016.687174078632,14.070546179097814
16017.687154547764,11.030147125552027
16018.687135016895,3.6081682979631466
16019.687115486027,17.459111096267595
16020.687095955158,10.835643999567157
16021.687076424289,13.656398074442173
16022.687056893421,20.328553604426414
16023.687037362552,9.557273202767663
16024.687017831684,14.419526920658399
16025.686998300815,7.462047105260065
16026.686978769947,8.274559992614485
16027.686959239078,9.713838256817896
16028.68693970821,18.0166113089261
16029.68692017734,1.4434135458601727
16030.686900646473,3.919736691124508
16031.686881115604,9.449186543565027
16032.686861584736,8.591346667359435
16033.686842053867,9.476702289955387
16034.686822523,8.12211945724248
16035.68680299213,15.117445774627797
16036.686783461262,16.25044112577421
16037.686763930393,19.923134073601915
16038.686744399523,5.795104368628626
16039.686724868656,10.973285435652757
16040.686705337786,14.404576472254423
16041.686685806919,5.577858951924718
16042.68666627605,11.911191889266561
16043.686646745182,9.960154876945051
16044.686627214312,22.694101498688052
16045.686607683445,25.143432325974796
16046.686588152575,18.61868419199173
16047.686568621708,8.235517538892381
16048.686549090839,17.610860826083055
16049.686529559971,10.795941077928811
16050.686510029102,0.39910100306129415
16051.686490498234,1.5876831420552548
16052.686470967365,5.070164359924171
16053.686451436497,21.760341128770612
16054.686431905628,14.112686894382563
16055.686412374758,11.72211772626746
16056.68639284389,25.716041419563183
16057.686373313021,7.901328844771722
16058.686353782154,15.476004155696845
16059.686334251284,18.031693649012972
16060.686314720417,27.721299298578057
16061.686295189547,11.247945660629346
16062.68627565868,25.22938965989257
16063.68625612781,22.344669575905005
16064.686236596943,11.80841211770284
16065.686217066073,12.737978065279497
16066.686197535206,7.987860650880905
16067.686178004336,19.044889576048234
16068.686158473469,38.4214303143597
16069.6861389426,18.911013843741838
16070.686119411732,20.37729757374497
16071.686099880862,16.68458087175954
16072.686080349993,15.26023238217432
16073.686060819125,21.210220279578035
16074.686041288256,21.424376043397142
16075.686021757389,24.59408252635798
16076.68600222652,7.235927394032402
16077.685982695652,21.948590702711382
16078.685963164782,10.326296727093302
16079.685943633915,24.13711726717276
16080.685924103045,27.320632053025808
16081.685904572178,17.379611686517073
16082.685885041308,17.55611049875225
16083.68586551044,21.602383314739633
16084.685845979571,25.756853649214463
16085.685826448704,17.364930718734527
16086.685806917834,39.542139009932704
16087.685787386967,12.213003729715243
16088.685767856097,21.079454442967123
16089.685748325228,25.865515120613058
16090.68572879436,4.747436798336176
16091.685709263491,12.201248061916889
16092.685689732623,9.524501357882354
16093.685670201754,12.50031058620494
16094.685650670886,12.892115719228318
16095.685631140017,14.641659875855122
16096.68561160915,11.792865053801222
16097.68559207828,5.9017242908971435
16098.685572547412,5.548840408745379
16099.685553016543,9.570851446555489
16100.685533485675,9.252837379125982
16101.685513954806,12.737793091524765
16102.685494423939,5.720280348447344
16103.68547489307,1.032209515223578
16104.685455362202,25.11865052913603
16105.685435831332,15.165461379010933
16106.685416300463,21.92428848931689
16107.685396769595,19.400393928047666
16108.685377238726,13.25066543125703
16109.685357707858,18.476756449606523
16110.685338176989,9.943928208256033
16111.685318646121,17.26595200735758
16112.685299115252,5.859924790079202
16113.685279584384,7.174115098943442
16114.685260053515,5.187289269701756
16115.685240522647,17.447499313842556
16116.685220991778,8.48379640699559
16117.68520146091,17.533158823385776
16118.685181930041,19.219399291945468
16119.685162399173,25.725336569558458
16120.685142868304,11.87338570686872
16121.685123337436,3.614315805991873
16122.685103806567,15.68819484222943
16123.6850842757,25.323477970952034
16124.68506474483,16.534100338600904
16125.68504521396,21.856454081691723
16126.685025683093,13.309447857145734
16127.685006152224,10.17780965531934
16128.684986621356,8.374036574103023
16129.684967090487,6.91906501549937
16130.68494755962,7.518504931246943
16131.68492802875,6.056515466415601
16132.684908497882,15.71652743540228
16133.684888967013,7.773915091514269
16134.684869436145,15.16237649642984
16135.684849905276,13.030822304346014
16136.684830374408,19.96281944718313
16137.684810843539,16.90294982511576
16138.684791312671,10.142584156987134
16139.684771781802,14.271035965732727
16140.684752250934,2.139285317480874
16141.684732720065,10.044083364647937
16142.684713189195,15.472805711848276
16143.684693658328,14.489191331826106
16144.684674127458,2.8813089958459095
16145.684654596591,10.031122118894036
16146.684635065722,14.235167377687521
16147.684615534854,2.6353435673984085
16148.684596003985,4.211348480403025
16149.684576473117,7.009834436247151
16150.684556942248,15.600312152033233
16151.68453741138,6.0407242311527725
16152.68451788051,3.768234874611637
16153.684498349643,12.96404146611762
16154.684478818774,3.9891885392060944
16155.684459287906,12.091901101740884
16156.684439757037,7.497618291672738
16157.68442022617,12.1216729262541
16158.6844006953,10.445124099027742
16159.68438116443,12.068109487128208
16160.684361633563,11.959266466144888
16161.684342102693,9.07712502978888
16162.684322571826,26.98919153071752
16163.684303040956,7.78314982614168
16164.684283510089,10.469786130336564
16165.68426397922,15.39898684579092
16166.684244448352,0.9647419544586975
16167.684224917482,4.165221759519818
16168.684205386615,3.843029593075208
16169.684185855745,9.636697567661175
16170.684166324878,6.919809347905308
16171.684146794008,6.881129367499856
16172.68412726314,3.935209462530447
16173.684107732272,6.363358651281282
16174.684088201404,8.912262282385909
16175.684068670535,15.526428444371744
16176.684049139665,2.590126910046768
16177.684029608798,6.987955074244869
16178.684010077928,5.241638914318908
16179.68399054706,8.221767319568283
16180.683971016191,3.7506367042274418
16181.683951485324,8.093021539516366
16182.683931954454,17.755358425257644
16183.683912423587,18.603829970512862
16184.683892892717,3.213662459472296
16185.68387336185,5.369738479613949
16186.68385383098,14.30085502078194
16187.683834300113,6.761613334361816
16188.683814769243,4.507709053602582
16189.683795238376,15.054271829881415
16190.683775707506,20.4919356754013
16191.683756176639,24.692092776369428
16192.68373664577,11.010660350833735
16193.6837171149,13.515847196622255
16194.683697584032,7.756023070570144
16195.683678053163,8.794016765140096
16196.683658522295,16.915584230393293
16197.683638991426,9.331298888442737
16198.683619460558,20.002776567873408
16199.683599929689,13.256532624276538
16200.683580398822,5.024057831952758
16201.683560867952,25.33247633958103
16202.683541337085,6.87386282709971
16203.683521806215,16.576200611772286
16204.683502275348,6.702433341796733
16205.683482744478,19.643151527099764
16206.68346321361,13.964072490926037
16207.683443682741,22.449615909092277
16208.683424151874,14.19283347992646
16209.683404621004,19.60537285096397
16210.683385090135,9.68087042180672
16211.683365559267,33.32560606030722
16212.683346028398,19.427451847452705
16213.68332649753,19.601277836787272
16214.68330696666,4.560692927858548
16215.683287435793,15.509599071175572
16216.683267904924,1.5725778226271332
16217.683248374056,24.327870071934623
16218.683228843187,31.372271006941656
16219.68320931232,16.79703905498078
16220.68318978145,24.62209458361171
16221.683170250582,23.852588595164484
16222.683150719713,10.591504944313652
16223.683131188845,8.16649681973066
16224.683111657976,13.400085289717838
16225.683092127108,31.680580439346627
16226.683072596239,24.907711827832635
16227.683053065371,8.335233935139964
16228.683033534502,4.069403071039067
16229.683014003633,26.1920440160403
16230.682994472765,6.399978571346797
16231.682974941896,21.056347279171643
16232.682955411028,9.838654385266956
16233.682935880159,16.405215548287085
16234.682916349291,22.875300834694144
16235.682896818422,3.794352743981643
16236.682877287554,18.903044759483375
16237.682857756685,7.727426884961012
16238.682838225817,9.995324182601184
16239.682818694948,3.7571837580933187
16240.68279916408,11.28838533055044
16241.68277963321,12.586077871781088
16242.682760102343,18.18196155407679
16243.682740571474,30.52586444472248
16244.682721040606,4.505967476773533
16245.682701509737,6.275202927262219
16246.682681978868,5.487143332926728
16247.682662448,13.6210029895695
16248.68264291713,4.796430328359527
16249.682623386263,9.065700386855639
16250.682603855394,2.286894032254233
16251.682584324526,23.27914912352571
16252.682564793657,6.540344500742922
16253.682545262789,7.76722560971653
16254.68252573192,5.952656407135567
16255.682506201052,14.40523762481557
16256.682486670183,3.5917637492021606
16257.682467139315,9.881259444132528
16258.682447608446,8.854647377361008
16259.682428077578,5.636142904564506
16260.682408546709,5.8006396464467995
16261.682389015841,6.341042386360888
16262.682369484972,3.296022611275514
16263.682349954102,12.74463588959962
16264.682330423235,7.221281830490778
16265.682310892365,1.9810564411265126
16266.682291361498,11.859042853990573
16267.682271830628,7.233925421601062
16268.68225229976,11.552909594635606
16269.682232768891,4.334549668519319
16270.682213238024,13.739009665876154
16271.682193707155,2.6256067923078232
16272.682174176287,5.7278970612686715
16273.682154645418,11.949782711314809
16274.68213511455,2.1905779044080704
16275.68211558368,8.99351785750277
16276.682096052813,13.197331490340103
16277.682076521944,10.40254424873627
16278.682056991076,16.377342086845225
16279.682037460207,2.300931213113159
16280.682017929337,24.306035160953638
16281.68199839847,22.551274655865086
16282.6819788676,1.3103807122725848
16283.681959336733,18.54524591302621
16284.681939805863,8.969242893203468
16285.681920274996,16.691028877258137
16286.681900744126,17.056372088905636
16287.681881213259,10.260134158870047
16288.68186168239,23.106706074236683
16289.681842151522,6.970943090008656
16290.681822620652,19.523122457521136
16291.681803089785,36.57940728122264
16292.681783558915,11.12073448124548
16293.681764028048,19.095659196998728
16294.681744497178,7.367396682843346
16295.68172496631,2.301597276739608
16296.681705435441,12.4996742158404
16297.681685904572,5.2076624358026695
16298.681666373705,5.390306286583545
16299.681646842835,15.977092672182662
16300.681627311968,21.867561005658278
16301.681607781098,26.992557339696933
16302.68158825023,29.500875762525144
16303.681568719361,21.953503457471253
16304.681549188494,9.614634609706957
16305.681529657624,18.178525236133222
16306.681510126757,18.380144922294235
16307.681490595887,5.257231799461944
16308.68147106502,6.02434616000918
16309.68145153415,29.93099663426681
16310.681432003283,25.641757046901958
16311.681412472413,8.571672895029886
16312.681392941546,20.676561848092867
16313.681373410676,5.676085911339624
16314.681353879807,18.25493240358558
16315.68133434894,16.577837005802007
16316.68131481807,5.040983856464314
16317.681295287202,13.47821140846404
16318.681275756333,9.535218415080605
16319.681256225465,4.579100001474479
16320.681236694596,15.454706036563202
16321.681217163728,1.4614913304772343
16322.681197632859,16.86228808157958
16323.681178101991,14.196839887360689
16324.681158571122,9.699181813804081
16325.681139040254,18.769985272144304
16326.681119509385,4.983422548093272
16327.681099978518,9.264739582171627
16328.681080447648,11.024943124229369
16329.68106091678,9.718445202149752
16330.681041385911,7.603356994976623
16331.681021855044,8.555256312628561
16332.681002324174,3.789482019478249
16333.680982793305,9.942564900346794
16334.680963262437,5.540704945474374
16335.680943731568,13.631471286733792
16336.6809242007,13.393778071462147
16337.68090466983,12.194828693672813
16338.680885138963,7.531433836341045
16339.680865608094,24.7195361570384
16340.680846077226,15.547340651563832
16341.680826546357,10.801419134757351
16342.68080701549,13.457913661352292
16343.68078748462,6.19640753691831
16344.680767953752,9.164009409779952
16345.680748422883,15.109476497495029
16346.680728892015,10.978733949467976
16347.680709361146,7.730618588988139
16348.680689830278,6.461415381704831
16349.680670299409,5.981746741609872
16350.68065076854,18.122831834390077
16351.680631237672,12.553979411965221
16352.680611706803,14.664697111696636
16353.680592175935,16.14552142609022
16354.680572645066,4.2944014982474075
16355.680553114198,8.883598052038426
16356.680533583329,3.5855575620935785
16357.680514052461,7.769873364886913
16358.680494521592,11.859674224016201
16359.680474990724,8.260455951842896
16360.680455459855,11.63157002571014
16361.680435928987,17.656653862876365
16362.680416398118,9.307560932790455
16363.68039686725,9.711060464057365
16364.68037733638,6.333209862538319
16365.680357805513,3.0631694707613297
16366.680338274644,3.9061069999785167
16367.680318743774,5.681961579312534
16368.680299212907,2.3238545220388396
16369.680279682038,13.527987100866929
16370.68026015117,14.845288433389054
16371.6802406203,4.475447268087083
16372.680221089433,3.7026192479233977
16373.680201558564,3.110893744758461
16374.680182027696,7.922214105453877
16375.680162496827,6.138204322249089
16376.680142965959,7.254679773174298
16377.68012343509,12.761676424192673
16378.680103904222,5.994566769813138
16379.680084373353,6.269779942661052
16380.680064842485,9.008038144573419
16381.680045311616,10.880959820564529
16382.680025780748,2.7462322073436125
16383.680006249879,17.409383355480102
16384.67998671901,9.172750880507541
16385.67996718814,8.639846944459249
16386.679947657274,19.8777294163346
16387.679928126403,11.781803439948725
16388.679908595535,25.731568353664724
16389.679889064668,6.763164665894933
16390.6798695338,5.327948605969682
16391.67985000293,23.84500762271862
16392.67983047206,8.195361833329802
16393.679810941194,25.948363351146458
16394.679791410326,14.749586790754181
16395.679771879455,8.669713173665508
16396.679752348587,2.3017212632664337
16397.67973281772,6.286379538179352
16398.679713286852,2.5548853484822525
16399.67969375598,9.253097503892072
16400.679674225114,13.694039528091
16401.679654694246,6.016209993088131
16402.679635163375,7.915703616445883
16403.679615632507,10.015546162620163
16404.67959610164,7.6451410066910555
16405.679576570772,2.267596145309564
16406.6795570399,10.45775874311435
16407.679537509033,19.392392847571095
16408.679517978166,7.373938258629408
16409.679498447298,27.363591365381787
16410.679478916427,22.575872920069965
16411.67945938556,9.048612466513841
16412.67943985469,17.16349496013715
16413.679420323824,21.050441525014
16414.679400792953,5.897971206148576
16415.679381262085,5.3492856817187135
16416.679361731218,4.217991898717047
16417.67934220035,6.086750335886188
16418.67932266948,19.4693013500948
16419.67930313861,9.887504887769627
16420.679283607744,5.40352436754472
16421.679264076873,11.230588046309556
16422.679244546005,8.023501981444408
16423.679225015137,3.3659953566833893
16424.67920548427,12.013985461737157
16425.6791859534,3.9843607827420695
16426.67916642253,5.8466948550217746
16427.679146891664,1.2701441750187423
16428.679127360796,0.868962187785834
16429.679107829925,19.45741852860558
16430.679088299057,6.561020058951977
16431.67906876819,3.8771381402515743
16432.679049237322,4.794614835775955
16433.67902970645,8.907871110971803
16434.679010175583,3.9409719127534077
16435.678990644716,11.431469228674297
16436.678971113844,6.819573030272876
16437.678951582977,8.589125151981559
16438.67893205211,5.7963509018882755
16439.67891252124,7.140477401554814
16440.67889299037,6.677151742864637
16441.678873459503,12.167041943561095
16442.678853928635,10.380082112326233
16443.678834397768,9.66064445897471
16444.678814866897,10.230610865008147
16445.67879533603,8.751418969081108
16446.67877580516,8.55597867460393
16447.678756274294,6.587777246422921
16448.678736743423,8.21344044737167
16449.678717212555,10.303412973023569
16450.678697681687,12.427610624665089
16451.67867815082,6.134840676265643
16452.67865861995,13.053305710354211
16453.67863908908,11.195088597605535
16454.678619558214,9.746811497939515
16455.678600027342,12.430239478984745
16456.678580496475,12.0626283717442
16457.678560965607,9.231471849720217
16458.67854143474,20.648280140169927
16459.67852190387,4.47900946701411
16460.678502373,3.7848383378832144
16461.678482842133,13.069816574468913
16462.678463311266,4.352985151780778
16463.678443780394,20.41993231932478
16464.678424249527,13.32762480756722
16465.67840471866,11.407798280643203
16466.67838518779,6.547511763485159
16467.67836565692,7.532978394850988
16468.678346126053,19.96695659584655
16469.678326595185,18.42505061252116
16470.678307064314,8.507563928835207
16471.678287533447,2.308115786361466
16472.67826800258,6.70874660146407
16473.67824847171,10.462804596794458
16474.67822894084,11.40663850222366
16475.678209409973,3.7002352296179613
16476.678189879105,2.774097421979973
16477.678170348237,13.313843207600714
16478.678150817366,17.096664176538834
16479.6781312865,9.32515034214504
16480.67811175563,1.2397788991741814
16481.678092224764,1.664153722657929
16482.678072693892,15.772909440441552
16483.678053163025,9.40306925859058
16484.678033632157,12.977825054198561
16485.67801410129,10.728270055497903
16486.67799457042,11.020275968001704
16487.67797503955,17.1088073045127
16488.677955508683,9.025934878193912
16489.677935977812,8.603338671859255
16490.677916446944,5.919719995660021
16491.677896916077,10.469434394004129
16492.67787738521,10.16920728109385
16493.677857854338,10.285715356175745
16494.67783832347,11.806531398653172
16495.677818792603,11.579466775292122
16496.677799261735,6.783616734745798
16497.677779730864,9.268027830862984
16498.677760199997,13.990909084886482
16499.67774066913,18.41043662051955
16500.67772113826,4.314553087563579
16501.67770160739,3.186122608614113
16502.677682076523,13.131982173675079
16503.677662545655,3.7157873888046016
16504.677643014787,4.560325633660284
16505.677623483916,12.824197129562062
16506.67760395305,12.946722172040669
16507.67758442218,18.963781161840174
16508.67756489131,6.705914830685485
16509.677545360442,4.0382831456810075
16510.677525829575,13.36731160462135
16511.677506298707,11.68561787227771
16512.677486767836,6.840098786709114
16513.67746723697,16.335490172705782
16514.6774477061,9.498005760372182
16515.677428175233,8.083613090230235
16516.677408644362,13.958705893214722
16517.677389113494,13.126014688499016
16518.677369582627,27.670461236144348
16519.67735005176,16.31153280217156
16520.677330520888,22.003034251743106
16521.67731099002,13.857844120725554
16522.677291459153,10.968600388427017
16523.67727192828,15.894340664349404
16524.677252397414,3.520654892986823
16525.677232866547,12.439211042056229
16526.67721333568,11.588906385262087
16527.677193804808,2.314123117766156
16528.67717427394,17.041858984645543
16529.677154743073,12.62153219622416
16530.677135212205,8.567105265417448
16531.677115681334,10.659210060777037
16532.677096150466,12.600949803322818
16533.6770766196,7.127580088681966
16534.67705708873,5.856315217581467
16535.67703755786,7.752281552576124
16536.677018026992,6.900667316991719
16537.676998496125,9.133415184786001
16538.676978965257,8.326387985186013
16539.676959434386,4.8996033130016
16540.67693990352,7.130634557141882
16541.67692037265,4.060064907296282
16542.67690084178,16.222492863845158
16543.676881310912,10.435412802441515
16544.676861780044,11.614072500423141
16545.676842249177,14.850833635482891
16546.676822718306,16.507503611498542
16547.676803187438,3.285928685117449
16548.67678365657,16.382702045139155
16549.676764125703,5.580965681924977
16550.67674459483,12.56992169471078
16551.676725063964,10.54964535971895
16552.676705533097,6.560350138611039
16553.67668600223,17.730875529950044
16554.676666471358,11.365226189075242
16555.67664694049,4.701809850966987
16556.676627409623,3.507768850308403
16557.67660787875,10.081493417047511
16558.676588347884,7.111697010734065
16559.676568817016,8.804440040940136
16560.67654928615,5.793842124831317
16561.676529755277,17.280102680477725
16562.67651022441,18.21979497072023
16563.676490693542,13.363323304316994
16564.676471162675,11.37034364357207
16565.676451631804,19.494663327205622
16566.676432100936,6.76503314254105
16567.67641257007,6.715160095094665
16568.6763930392,14.616139676891482
16569.67637350833,2.7482750763308412
16570.676353977462,14.127849202009006
16571.676334446594,8.026087876167306
16572.676314915727,9.304482450325693
16573.676295384856,6.38829411010849
16574.676275853988,20.843176868979285
16575.67625632312,5.2097932596391345
16576.67623679225,17.762985022132884
16577.67621726138,4.782199578680761
16578.676197730514,29.300034141848855
16579.676178199647,26.327234028932402
16580.676158668775,3.098788002287078
16581.676139137908,12.907298250859785
16582.67611960704,11.433792630590693
16583.676100076173,11.607672292846786
16584.6760805453,15.943656883824358
16585.676061014434,4.726293057377436
16586.676041483566,9.479522883904721
16587.6760219527,8.013552892923888
16588.676002421827,13.927999656046275
16589.67598289096,3.666895631097155
16590.675963360092,5.642610089442426
16591.67594382922,10.264251756898359
16592.675924298353,4.733710070273543
16593.675904767486,9.480750670259921
16594.67588523662,7.481578273723755
16595.675865705747,21.740560777900566
16596.67584617488,9.596634239182327
16597.675826644012,4.423736313553422
16598.675807113144,10.302027915211823
16599.675787582273,5.835789184003996
16600.675768051406,6.828570543833484
16601.675748520538,6.535596421490686
16602.67572898967,2.49328197749649
16603.6757094588,2.2029418696916583
16604.67568992793,8.023435034366091
16605.675670397064,9.420484636690675
16606.675650866197,5.304445688199435
16607.675631335325,5.11895558845675
16608.675611804458,5.173768946167442
16609.67559227359,7.6822662504217885
16610.67557274272,13.187455840125352
16611.67555321185,13.061258713820784
16612.675533680984,16.8869731451669
16613.675514150116,12.486948162583344
16614.675494619245,14.723893458515033
16615.675475088377,1.328284965086822
16616.67545555751,12.198648755773217
16617.675436026642,4.890661051013745
16618.67541649577,11.946307226992825
16619.675396964903,5.974716512739188
16620.675377434036,9.393909916000727
16621.67535790317,10.894352096140496
16622.675338372297,11.842955584085683
16623.67531884143,11.429512070490764
16624.675299310562,9.075214295096131
16625.675279779694,12.038074979408014
16626.675260248823,12.478716507325691
16627.675240717956,14.86775434239952
16628.675221187088,10.682633631581039
16629.675201656217,3.3867665848823028
16630.67518212535,8.319721384454956
16631.67516259448,10.764869359532867
16632.675143063614,6.500969381330653
16633.675123532743,5.546114759263856
16634.675104001875,7.0490587086434
16635.675084471008,16.86839256646216
16636.67506494014,19.706813967885086
16637.67504540927,13.794873601211078
16638.6750258784,18.37828802612373
16639.675006347534,25.72656589967544
16640.674986816666,9.496571326234738
16641.674967285795,9.761371975971437
16642.674947754927,23.21872141798273
16643.67492822406,1.3701328192902302
16644.67490869319,11.547731221176761
16645.67488916232,11.200354717221268
16646.674869631453,19.611431149719117
16647.674850100586,5.2128539472064785
16648.674830569715,9.142640212737833
16649.674811038847,14.841369673936683
16650.67479150798,11.104996344446693
16651.674771977112,6.154586205702327
16652.67475244624,10.216337167925822
16653.674732915373,14.862560114806422
16654.674713384506,17.076161837921287
16655.674693853638,12.262486625908963
16656.674674322767,3.3940046128210355
16657.6746547919,6.951860820393246
16658.67463526103,18.463482120563917
16659.674615730164,11.271487203374292
16660.674596199293,24.914854644087264
16661.674576668425,8.71582820975267
16662.674557137558,12.119535981533463
16663.674537606686,8.456522302317921
16664.67451807582,12.482717162928553
16665.67449854495,10.056767493723346
16666.674479014084,5.875516809817268
16667.674459483213,32.76885342801286
16668.674439952345,7.704691241692284
16669.674420421477,14.611175023912788
16670.67440089061,13.16770975858324
16671.67438135974,24.759628102320544
16672.67436182887,12.623968671022498
16673.674342298003,12.268582153074856
16674.674322767136,4.410298519199423
16675.674303236265,8.35160228240322
16676.674283705397,4.582708100890977
16677.67426417453,12.684063396677466
16678.67424464366,3.995442705411854
16679.67422511279,0.9489745281601348
16680.674205581923,12.440642951885874
16681.674186051056,13.218022569583997
16682.674166520184,13.670790965057643
16683.674146989317,12.584225066730667
16684.67412745845,18.94738323181402
16685.67410792758,11.828820964480652
16686.67408839671,9.023914329215538
16687.674068865843,10.980248567137025
16688.674049334975,11.325446675957188
16689.674029804108,5.326716705340781
16690.674010273236,3.9869553233850406
16691.67399074237,6.484979666145277
16692.6739712115,10.122262959252513
16693.673951680634,1.5647085085158499
16694.673932149763,6.524807799125728
16695.673912618895,7.948637512070419
16696.673893088027,5.072671603805436
16697.673873557156,12.746998965406139
16698.67385402629,9.918278033792689
16699.67383449542,6.726524365793553
16700.673814964553,3.9030398303537392
16701.673795433682,9.390169036253955
16702.673775902815,10.638492711879744
16703.673756371947,8.491870605290455
16704.67373684108,6.01222292375079
16705.67371731021,2.0833947969889577
16706.67369777934,8.150199223921147
16707.673678248473,19.049157029245066
16708.673658717606,6.193845884977806
16709.673639186734,24.005059068215285
16710.673619655867,17.931688571889392
16711.673600125,6.414309204214025
16712.67358059413,9.793902577265055
16713.67356106326,5.7941909916607015
16714.673541532393,9.330097579566779
16715.673522001525,8.983872314857724
16716.673502470654,9.021176358709324
16717.673482939786,5.393247022863686
16718.67346340892,11.082813899922465
16719.67344387805,5.42196601319073
16720.67342434718,7.132729568171162
16721.673404816313,3.6110109736924705
16722.673385285445,4.3637354853670764
16723.673365754577,3.0640558904189383
16724.673346223706,16.291414853078745
16725.67332669284,18.07186573349906
16726.67330716197,4.680685823340624
16727.673287631103,10.2366399919484
16728.673268100232,3.390347463268911
16729.673248569365,10.641203498230523
16730.673229038497,13.788231151140694
16731.673209507626,8.16924086366822
16732.67318997676,3.0439239870841197
16733.67317044589,12.87056293410328
16734.673150915023,16.276518733763794
16735.673131384152,0.6495689297789375
16736.673111853284,10.943165523625966
16737.673092322417,14.889772095252983
16738.67307279155,4.348844371629259
16739.673053260678,4.634260272260729
16740.67303372981,6.529856838191343
16741.673014198943,20.542742665536178
16742.672994668075,5.249287125006373
16743.672975137204,4.151762434310962
16744.672955606336,15.713690854187849
16745.67293607547,12.407303485133335
16746.6729165446,11.915487777368687
16747.67289701373,13.93510005655178
16748.672877482863,15.520431788566938
16749.672857951995,17.91062586659668
16750.672838421124,6.764102444623585
16751.672818890256,6.204311975151124
16752.67279935939,11.70941216786666
16753.67277982852,4.681516212753423
16754.67276029765,17.525305594149692
16755.672740766782,8.805739702280706
16756.672721235915,8.590739916133543
16757.672701705047,3.499999815679547
16758.672682174176,9.521760855118288
16759.67266264331,12.693929282001264
16760.67264311244,22.208262202494716
16761.672623581573,7.307847382614741
16762.672604050702,5.378217479643982
16763.672584519834,10.058841734225178
16764.672564988967,19.61754177101789
16765.672545458096,10.242158669225919
16766.672525927228,14.829833384462368
16767.67250639636,7.910562691056157
16768.672486865493,19.54394191664627
16769.67246733462,9.268703066299086
16770.672447803754,12.588656643719007
16771.672428272886,11.762879198843011
16772.67240874202,10.341338348689746
16773.672389211148,7.131645482323773
16774.67236968028,8.566032950501084
16775.672350149413,2.307086587645572
16776.672330618545,12.291522105175659
16777.672311087674,16.235229179312686
16778.672291556806,14.055890016296175
16779.67227202594,5.283678170873069
16780.67225249507,5.05129722964069
16781.6722329642,9.749595925168267
16782.672213433332,8.059609791734452
16783.672193902465,9.183387639230233
16784.672174371593,18.11476491128511
16785.672154840726,1.7191805692244935
16786.67213530986,9.48001295711314
16787.67211577899,10.828732304562045
16788.67209624812,3.1669406906373503
16789.672076717252,7.507833177603976
16790.672057186384,5.660219295621357
16791.672037655517,4.754776336894908
16792.672018124646,6.023960865690547
16793.671998593778,6.570792049821766
16794.67197906291,6.8237784290470405
16795.671959532043,6.125664380018516
16796.67194000117,4.693741142139564
16797.671920470304,1.4750713299093172
16798.671900939436,13.728889414637884
16799.671881408565,7.8996444381677335
16800.671861877698,6.477547321899419
16801.67184234683,15.323303519736191
16802.671822815963,5.59835306334841
16803.67180328509,1.8951062451730796
16804.671783754224,12.617969127183109
16805.671764223356,14.463654556191537
16806.67174469249,0.5962637157116766
16807.671725161617,8.528577076002996
16808.67170563075,7.0561690984025445
16809.671686099882,14.319584901742685
16810.671666569015,12.141945402538262
16811.671647038143,8.650086264786351
16812.671627507276,8.537011752206906
16813.67160797641,8.248836880537969
16814.67158844554,12.955710753334985
16815.67156891467,3.755825174191891
16816.671549383802,4.797982152046446
16817.671529852934,9.14851189774703
16818.671510322063,4.34316500697742
16819.671490791196,5.752960684632281
16820.671471260328,16.354947683619592
16821.67145172946,6.304613449164828
16822.67143219859,7.972600762889711
16823.67141266772,2.431720184101506
16824.671393136854,7.8850197243441205
16825.671373605986,2.0254091026100722
16826.671354075115,8.327400129261761
16827.671334544248,5.972193335548185
16828.67131501338,9.199109146796113
16829.671295482513,13.865810056500283
16830.67127595164,1.3750669462456508
16831.671256420774,3.4493910741333793
16832.671236889906,17.645871933698178
16833.67121735904,6.8902156672257435
16834.671197828167,9.234652264371109
16835.6711782973,13.228120762162483
16836.671158766432,18.55397507868411
16837.67113923556,1.2424261513218777
16838.671119704693,6.301605585440472
16839.671100173826,5.06094601552196
16840.67108064296,10.54592114500846
16841.671061112087,14.760544576449789
16842.67104158122,9.069154099948314
16843.671022050352,16.409799735085333
16844.671002519484,6.351618985363259
16845.670982988613,11.110465627476534
16846.670963457746,16.8275451694747
16847.670943926878,18.066635153006043
16848.67092439601,10.79651803468045
16849.67090486514,4.400080020479534
16850.67088533427,23.043696396973875
16851.670865803404,11.144423840155657
16852.670846272533,32.40521446735824
16853.670826741665,20.22464278304028
16854.670807210798,23.98444099182074
16855.67078767993,36.924245701745214
16856.67076814906,3.9540924445844485
16857.67074861819,14.193273958289693
16858.670729087324,5.127194450617358
16859.670709556456,19.912678441830362
16860.670690025585,13.126528804564062
16861.670670494717,6.011192690525067
16862.67065096385,8.818980904148463
16863.670631432982,16.756265604973144
16864.67061190211,16.515098288910508
16865.670592371243,20.86109164561601
16866.670572840376,4.4168439633825365
16867.67055330951,9.287819739474669
16868.670533778637,6.708859577066993
16869.67051424777,10.30867800243074
16870.670494716902,9.130994035367522
16871.67047518603,15.724878823297292
16872.670455655163,12.847990272936048
16873.670436124296,10.997206413793714
16874.670416593428,6.036228086549196
16875.670397062557,10.490213351389217
16876.67037753169,11.381048963988787
16877.67035800082,10.76027486383173
16878.670338469954,10.731971389749429
16879.670318939083,1.2402939348476176
16880.670299408215,8.285465940303197
16881.670279877348,11.058639109887226
16882.67026034648,2.4708227598493626
16883.67024081561,4.126861926488295
16884.67022128474,5.645175672277207
16885.670201753874,4.599677678441374
16886.670182223002,2.3368255378540788
16887.670162692135,12.445113915733666
16888.670143161267,12.759921296817055
16889.6701236304,5.081370447486426
16890.67010409953,5.760009188300326
16891.67008456866,6.0754050956269765
16892.670065037793,5.748228046831376
16893.670045506926,8.788572860161718
16894.670025976055,9.514343588329549
16895.670006445187,12.324250312479226
16896.66998691432,9.79801890537381
16897.669967383452,6.271334109804526
16898.66994785258,3.7049660929292734
16899.669928321713,13.15025518594487
16900.669908790846,6.728584197438036
16901.669889259978,0.38514625369816585
16902.669869729107,6.457152208787929
16903.66985019824,8.716789963262972
16904.66983066737,6.9078214334619545
16905.6698111365,19.924168956470325
16906.669791605633,4.1491893179970925
16907.669772074765,17.15581381169809
16908.669752543898,17.996853154587164
16909.669733013026,6.687335617245718
16910.66971348216,5.170016025705004
16911.66969395129,7.390978770996018
16912.669674420424,1.0942052759895051
16913.669654889552,18.469714856897763
16914.669635358685,10.684546008456348
16915.669615827817,8.824671918019659
16916.66959629695,1.9262141906649781
16917.66957676608,15.284877703665071
16918.66955723521,3.818513942079217
16919.669537704343,5.294426032229977
16920.669518173472,21.707626913223535
16921.669498642605,7.265913564786211
16922.669479111737,1.6769865751139292
16923.66945958087,8.369365410081254
16924.66944005,4.302267388041006
16925.66942051913,14.089815355956977
16926.669400988263,5.7965960312090274
16927.669381457396,7.544210633185462
16928.669361926524,17.99858969892961
16929.669342395657,20.29653981581662
16930.66932286479,5.673759827514127
16931.66930333392,12.31848642372193
16932.66928380305,15.19508748733357
16933.669264272183,6.196629474763002
16934.669244741315,12.262827317292855
16935.669225210448,10.12377818021353
16936.669205679576,2.3370025561512024
16937.66918614871,9.778810362288628
16938.66916661784,10.409300297999586
16939.66914708697,8.255054408388554
16940.669127556102,1.1142476525341078
16941.669108025235,9.384672846048094
16942.669088494367,11.29558817881388
16943.669068963496,10.880650182133044
16944.66904943263,18.478978611488145
16945.66902990176,20.58773974498155
16946.669010370893,11.085136398724108
16947.668990840022,22.28199113665902
16948.668971309155,6.963139208866651
16949.668951778287,6.20542943149661
16950.66893224742,8.288431976239869
16951.66891271655,7.196935634390739
16952.66889318568,1.5697508210209796
16953.668873654813,10.185938914459435
16954.668854123945,1.0962380870511326
16955.668834593074,5.020608347130901
16956.668815062207,15.944628720268495
16957.66879553134,12.895195820505371
16958.668776000468,19.693105426962706
16959.6687564696,8.068049511055422
16960.668736938733,11.277602727048217
16961.668717407865,18.31218506717216
16962.668697876994,12.234194627185746
16963.668678346126,12.122291165406784
16964.66865881526,6.104360042459033
16965.66863928439,3.035545571488013
16966.66861975352,10.525925512430458
16967.668600222652,18.585073608765438
16968.668580691785,16.0846524075662
16969.668561160917,5.49214385705228
16970.668541630046,13.122909497157215
16971.66852209918,12.187530818827195
16972.66850256831,9.150423591641541
16973.66848303744,11.573117629883804
16974.668463506572,5.66349346646627
16975.668443975705,4.389619163271464
16976.668424444837,3.751405263548476
16977.668404913966,10.775560238679972
16978.6683853831,7.433376504742269
16979.66836585223,18.33191273732444
16980.668346321363,9.858989042621575
16981.668326790492,9.915594172188607
16982.668307259624,9.398029788020152
16983.668287728757,3.6346615857879683
16984.66826819789,7.293539576646618
16985.668248667018,5.502011650410974
16986.66822913615,2.5471339021389885
16987.668209605283,0.5567290728467931
16988.668190074415,4.166987683663784
16989.668170543544,8.299540724418925
16990.668151012676,3.9957910272810993
16991.66813148181,4.941314432831794
16992.668111950938,7.554900611040235
16993.66809242007,9.354268761652428
16994.668072889202,9.674232992610452
16995.668053358335,19.003267996610663
16996.668033827464,12.979117630622069
16997.668014296596,0.7130088131042291
16998.66799476573,2.171077231632463
16999.66797523486,19.186600059600522
17000.66795570399,9.922051815332871
17001.667936173122,27.239317946280817
17002.667916642255,14.159990696564146
17003.667897111387,11.920010211138848
17004.667877580516,9.862923988345841
17005.66785804965,15.14752215209244
17006.66783851878,14.121107216345886
17007.66781898791,7.096581055227629
17008.667799457042,7.164000342129659
17009.667779926174,3.240636093047712
17010.667760395307,4.527525118686074
17011.667740864435,3.921773330898613
17012.667721333568,3.5921533160932992
17013.6677018027,15.928330527118787
17014.667682271833,7.789236246579951
17015.66766274096,3.078322615758818
17016.667643210094,6.613333366026296
17017.667623679226,15.596782688721612
17018.66760414836,14.635251597717646
17019.667584617488,16.15783896724811
17020.66756508662,2.7472652402682955
17021.667545555752,16.831107497817182
17022.667526024885,8.523540988495125
17023.667506494014,2.5877872897530936
17024.667486963146,13.803317121285504
17025.66746743228,17.950257833458778
17026.667447901407,8.902948480631114
17027.66742837054,4.491332130203544
17028.667408839672,3.862915875941704
17029.667389308805,17.938037821475287
17030.667369777933,12.642728897112033
17031.667350247066,3.4099448044070924
17032.6673307162,3.4406248451975023
17033.66731118533,0.21903920371177543
17034.66729165446,3.4450850100188672
17035.667272123592,8.681189796640792
17036.667252592724,18.76412194288662
17037.667233061857,14.439016178860227
17038.667213530985,18.393308059897873
17039.667194000118,14.415934020899762
17040.66717446925,21.057669808774087
17041.667154938383,19.23893736819126
17042.66713540751,18.97952487836555
17043.667115876644,11.590627033818254
17044.667096345776,6.95154142940562
17045.667076814905,15.869506993507413
17046.667057284038,18.013731303984148
17047.66703775317,7.450310938887629
17048.667018222302,7.524026529825015
17049.66699869143,4.821075636140392
17050.666979160564,6.227073744622859
17051.666959629696,17.236511082131447
17052.66694009883,10.57681332912325
17053.666920567957,10.008714508661313
17054.66690103709,14.025470541328733
17055.666881506222,13.607723915119143
17056.666861975355,11.730796982369778
17057.666842444483,10.528691681375554
17058.666822913616,5.547394857806778
17059.66680338275,5.598987967727028
17060.666783851877,19.153892985343326
17061.66676432101,5.92910515371291
17062.666744790142,8.256070508119793
17063.666725259274,4.604466398726647
17064.666705728403,12.157422914836436
17065.666686197535,13.460511626623598
17066.666666666668,9.651709118411164
17067.6666471358,9.203968992251426
17068.66662760493,7.475303058777206
17069.66660807406,14.630232553761832
17070.666588543194,12.325545095682347
17071.666569012326,6.336955089542111
17072.666549481455,7.241820942330184
17073.666529950588,9.257036830950364
17074.66651041972,13.713355000822684
17075.666490888852,18.042058992232484
17076.66647135798,5.750761541764945
17077.666451827114,7.847552548059998
17078.666432296246,11.806807390464156
17079.666412765375,7.893504245630419
17080.666393234507,13.042685555177604
17081.66637370364,2.5486467957010737
17082.666354172772,7.0568097039835225
17083.6663346419,12.611684158559418
17084.666315111033,12.79950381736468
17085.666295580166,12.819673467270118
17086.666276049298,0.3329123768277717
17087.666256518427,11.36051509329238
17088.66623698756,23.654767505480354
17089.66621745669,10.857259375249994
17090.666197925824,7.744453756663764
17091.666178394953,10.910490419607758
17092.666158864085,21.073396554990108
17093.666139333218,2.8549727642278584
17094.666119802347,8.336858933646898
17095.66610027148,14.190222937003174
17096.66608074061,18.099410752919525
17097.666061209744,11.23686866559156
17098.666041678873,11.36508379140586
17099.666022148005,3.2172652895638323
17100.666002617138,5.208524186089621
17101.66598308627,3.711636388435935
17102.6659635554,5.6115149830661375
17103.66594402453,6.3540891211748365
17104.665924493664,15.697626036522937
17105.665904962796,24.05149523002835
17106.665885431925,4.5243701236954035
17107.665865901057,1.5609267617881526
17108.66584637019,4.338013653606207
17109.665826839322,6.814876123210459
17110.66580730845,11.079782672383597
17111.665787777583,12.960866525909333
17112.665768246716,8.941746568621586
17113.665748715845,5.660505140381686
17114.665729184977,13.123462242669913
17115.66570965411,6.864108675236485
17116.66569012324,6.285550229732881
17117.66567059237,13.741820655146412
17118.665651061503,26.91421153555153
17119.665631530635,9.935493806786173
17120.665611999768,13.513874710751441
17121.665592468897,5.202993554421306
17122.66557293803,12.791316004701232
17123.66555340716,24.235868566665342
17124.665533876294,18.937221877435256
17125.665514345423,8.833775702714352
17126.665494814555,7.291952578465658
17127.665475283688,10.05007840640748
17128.665455752816,15.880859605688158
17129.66543622195,9.559093989242932
17130.66541669108,4.844269382182847
17131.665397160214,5.95534649884539
17132.665377629342,12.493922314319672
17133.665358098475,19.012715700221992
17134.665338567607,2.871658930753545
17135.66531903674,20.09191008087395
17136.66529950587,11.008020986319217
17137.665279975,26.48700723958512
17138.665260444133,12.658087022008129
17139.665240913266,21.151310491181754
17140.665221382395,7.40639528860435
17141.665201851527,15.716507101726977
17142.66518232066,12.573475541280512
17143.66516278979,7.495033374213925
17144.66514325892,4.640625214583085
17145.665123728053,5.8937431004815
17146.665104197185,7.678433978008497
17147.665084666314,14.599635746382218
17148.665065135447,12.923935872918321
17149.66504560458,8.282164702790551
17150.66502607371,16.204539801856793
17151.66500654284,26.048244358792925
17152.664987011973,5.945218487986124
17153.664967481105,10.73249588701991
17154.664947950238,14.160863768780894
17155.664928419366,16.388333358313332
17156.6649088885,7.163397792782149
17157.66488935763,12.790724594543848
17158.664869826764,3.6176715480202484
17159.664850295892,12.284751401279589
17160.664830765025,10.922837894181173
17161.664811234157,3.3205045065722385
17162.66479170329,14.158810626419443
17163.66477217242,6.151933947526758
17164.66475264155,11.89347552417015
17165.664733110683,6.638568074032814
17166.664713579812,12.345673862784524
17167.664694048945,7.751493319612258
17168.664674518077,23.436430299217704
17169.66465498721,11.671371459087036
17170.664635456338,20.192011637991904
17171.66461592547,12.567610230464116
17172.664596394603,19.75441198884267
17173.664576863735,7.745559881231417
17174.664557332864,5.58649287106701
17175.664537801997,14.027490222333642
17176.66451827113,11.560876154154478
17177.66449874026,13.976316910734589
17178.66447920939,21.059366933867647
17179.664459678523,9.569782832012296
17180.664440147655,1.183896686256641
17181.664420616784,8.312298940603448
17182.664401085916,6.7872906596064535
17183.66438155505,3.980307333035152
17184.66436202418,4.805430202623377
17185.66434249331,14.810666156472875
17186.664322962442,2.500610285901803
17187.664303431575,6.895722005991061
17188.664283900707,4.715216606694109
17189.664264369836,11.597583814112616
17190.66424483897,16.298359678071066
17191.6642253081,4.831971281051656
17192.664205777233,7.694515816838279
17193.664186246362,5.03677113106997
17194.664166715495,4.722146661121357
17195.664147184627,3.554450080234242
17196.66412765376,1.1260714974622075
17197.664108122888,3.723380116789157
17198.66408859202,11.60876124145517
17199.664069061153,7.615989160235897
17200.66404953028,7.929738902082102
17201.664029999414,8.949919679874375
17202.664010468547,9.515013261958467
17203.66399093768,7.413050803762061
17204.663971406808,9.87603196491157
17205.66395187594,13.4394649898676
17206.663932345073,14.395742671572497
17207.663912814205,4.820122404238618
17208.663893283334,13.870041750062198
17209.663873752466,2.940290004209901
17210.6638542216,11.050757602005103
17211.66383469073,9.97678666080088
17212.66381515986,11.89188901324318
17213.663795628992,0.8648327313951226
17214.663776098125,3.152880982674349
17215.663756567254,9.612660321175742
17216.663737036386,11.40016324038123
17217.66371750552,8.700852888907797
17218.66369797465,9.366302067753205
17219.66367844378,7.16553033229593
17220.663658912912,10.57160583537255
17221.663639382044,6.0923319934784965
17222.663619851177,7.9952134987465255
17223.663600320306,1.944078462068189
17224.663580789438,6.322825661396921
17225.66356125857,8.804515754757356
17226.663541727703,8.343701228635828
17227.66352219683,15.0031254950551
17228.663502665964,5.199246383278254
17229.663483135097,3.9223194509403494
17230.66346360423,4.179694151914744
17231.663444073358,15.053387437561202
17232.66342454249,8.75566475356518
17233.663405011623,9.924341535440181
17234.66338548075,4.737480329031659
17235.663365949884,3.789609403649936
17236.663346419016,7.40497115122473
17237.66332688815,7.009590760788549
17238.663307357278,11.497956583555645
17239.66328782641,4.40749365231936
17240.663268295542,12.070070452737127
17241.663248764675,2.635651620558921
17242.663229233804,4.823311777840496
17243.663209702936,8.092686668364053
17244.66319017207,3.786221060949808
17245.6631706412,11.577814983251889
17246.66315111033,9.161488078496445
17247.663131579462,16.798509499001607
17248.663112048594,11.406368733792831
17249.663092517723,13.00808446241111
17250.663072986856,3.6206756779420393
17251.663053455988,4.18222033352215
17252.66303392512,3.804349099157103
17253.66301439425,1.9172378121931268
17254.66299486338,4.9232617923558895
17255.662975332514,4.00040768161363
17256.662955801647,16.249626592201626
17257.662936270775,4.201023977218142
17258.662916739908,12.714063958206351
17259.66289720904,8.625019932738178
17260.662877678173,22.502071558988792
17261.6628581473,20.8918187289647
17262.662838616434,17.664238952238854
17263.662819085566,7.1593342090211385
17264.6627995547,12.408708908721563
17265.662780023828,15.89010694188814
17266.66276049296,8.494233781431845
17267.662740962092,20.10696955275089
17268.66272143122,7.851463338279533
17269.662701900354,2.5384179420621713
17270.662682369486,9.897992153304632
17271.66266283862,15.96233963482174
17272.662643307747,18.91534123219942
17273.66262377688,6.12973743547915
17274.662604246012,15.058583217947293
17275.662584715144,23.487793335079495
17276.662565184273,13.835840799347128
17277.662545653406,3.7670552816460203
17278.662526122538,13.663766749915977
17279.66250659167,1.496965397175293
17280.6624870608,16.382113290001563
17281.66246752993,7.406001274128989
17282.662447999064,13.531643259422841
17283.662428468197,9.573770593439459
17284.662408937325,21.46297100699584
17285.662389406458,8.774602869867639
17286.66236987559,3.8141542811462688
17287.66235034472,11.507846913606617
17288.66233081385,14.698954023129433
17289.662311282984,8.20639217227042
17290.662291752116,5.238943267618617
17291.662272221245,4.293289338124953
17292.662252690377,7.818230405120188
17293.66223315951,6.028868071700382
17294.662213628642,14.565554125437227
17295.66219409777,14.69588565631749
17296.662174566904,13.31553946331495
17297.662155036036,10.002125115329104
17298.66213550517,10.585208746700358
17299.662115974297,3.1108929229760296
17300.66209644343,4.087393357584955
17301.662076912562,8.014242103090021
17302.66205738169,12.394298483817261
17303.662037850823,14.009017283669195
17304.662018319956,13.707289032733218
17305.661998789088,20.361390632248906
17306.661979258217,8.124064715042588
17307.66195972735,12.17917539577416
17308.66194019648,21.898230655225706
17309.661920665614,5.088908248734846
17310.661901134743,17.661084083232552
17311.661881603875,15.333096807563736
17312.661862073008,21.693386731122253
17313.66184254214,18.209189601443722
17314.66182301127,5.4717811887396195
17315.6618034804,12.779998678112696
17316.661783949534,9.510253333552521
17317.661764418666,16.628816921686788
17318.661744887795,2.5534257011960246
17319.661725356927,4.827503347851432
17320.66170582606,16.431554854604187
17321.66168629519,18.926365900196064
17322.66166676432,7.905125086577757
17323.661647233454,9.425112992933244
17324.661627702586,7.026893768320942
17325.661608171715,6.159127607995749
17326.661588640847,4.5502995801312585
17327.66156910998,9.669161094793314
17328.661549579112,1.9558875254857546
17329.66153004824,13.28021610288579
17330.661510517373,8.900059789985315
17331.661490986506,4.528961675203668
17332.661471455638,12.132364307817712
17333.661451924767,4.1558375196881405
17334.6614323939,20.11428799295348
17335.66141286303,18.52203653441138
17336.66139333216,6.891714183500608
17337.661373801293,3.4692119250532545
17338.661354270425,11.134082343315493
17339.661334739558,10.413083940917195
17340.661315208687,7.032804956290731
17341.66129567782,12.632288952349459
17342.66127614695,6.333001584502701
17343.661256616084,4.055919884905064
17344.661237085213,10.107507124605938
17345.661217554345,3.2450651289419135
17346.661198023477,4.211440458480443
17347.66117849261,3.8593403630698444
17348.66115896174,4.37375235249172
17349.66113943087,10.708643028900584
17350.661119900004,2.520759123703178
17351.661100369136,6.924580324441776
17352.661080838265,6.732948984206058
17353.661061307397,2.0340039260392553
17354.66104177653,10.075540523221267
17355.66102224566,24.71988121109756
17356.66100271479,14.30714869725688
17357.660983183923,1.7399709144403317
17358.660963653056,3.2496594513680592
17359.660944122184,10.939663706277468
17360.660924591317,6.632592563773128
17361.66090506045,20.02822217420662
17362.66088552958,10.616911664030047
17363.66086599871,13.95375238058383
17364.660846467843,12.424429352343468
17365.660826936975,2.7848066241782417
17366.660807406108,6.1624188704271425
17367.660787875237,17.598847224585725
17368.66076834437,8.908784673573164
17369.6607488135,7.169997088365102
17370.660729282634,3.7388708763803633
17371.660709751763,18.79382491882322
17372.660690220895,6.998166136714505
17373.660670690027,9.932689078221976
17374.660651159156,7.932083413703288
17375.66063162829,10.10601968723946
17376.66061209742,14.855757456378885
17377.660592566554,20.265115319467725
17378.660573035682,14.012677972286061
17379.660553504815,12.951500537985275
17380.660533973947,10.304937927736681
17381.66051444308,9.201417704477628
17382.66049491221,17.533073733222356
17383.66047538134,2.2372441168120587
17384.660455850473,9.240896380662159
17385.660436319606,12.689243668043177
17386.660416788734,10.584653192245577
17387.660397257867,2.9543356468908253
17388.660377727,8.912457947405962
17389.660358196128,3.6963384456162443
17390.66033866526,7.031417774835229
17391.660319134393,6.2887944721075835
17392.660299603525,15.611953141042564
17393.660280072654,8.25444915002284
17394.660260541787,13.086384944561312
17395.66024101092,8.576416262811033
17396.66022148005,9.005713026929362
17397.66020194918,6.265137471346541
17398.660182418313,3.2676255999716037
17399.660162887445,9.360930946184512
17400.660143356577,1.105240835182958
17401.660123825706,9.940158562358537
17402.66010429484,5.8248549290207
17403.66008476397,4.4176820815046485
17404.660065233104,10.092917578942716
17405.660045702232,4.485747119675274
17406.660026171365,5.667355924753705
17407.660006640497,5.100738364908945
17408.659987109626,4.963523764139786
17409.65996757876,8.699561370842218
17410.65994804789,7.8505059049415085
17411.659928517023,4.932651789945186
17412.659908986152,3.0910702794492826
17413.659889455284,5.449194602444678
17414.659869924417,13.440400307611641
17415.65985039355,15.374545153921133
17416.659830862678,11.033601657499256
17417.65981133181,9.95282777966338
17418.659791800943,3.5880977866051227
17419.659772270075,10.192107625317133
17420.659752739204,11.613192494410082
17421.659733208337,5.419902012685007
17422.65971367747,7.630766808961769
17423.659694146598,9.422362901971102
17424.65967461573,11.54722590533331
17425.659655084863,2.038599027499055
17426.659635553995,10.450261981673826
17427.659616023124,8.78468586872872
17428.659596492256,7.555227546162754
17429.65957696139,8.04924432641958
17430.65955743052,8.168933475458001
17431.65953789965,1.7750803624797216
17432.659518368782,5.198420026120419
17433.659498837915,9.880737580959645
17434.659479307047,14.064439687510275
17435.659459776176,8.268761054221653
17436.65944024531,7.78867475656509
17437.65942071444,3.6240967527063974
17438.659401183573,11.136104170303216
17439.659381652702,9.580918157984918
17440.659362121834,7.3040523884213755
17441.659342590967,12.531916478835974
17442.659323060096,11.84171875285736
17443.659303529228,15.611181413730115
17444.65928399836,10.500538460341332
17445.659264467493,11.026972903918244
17446.65924493662,12.827262331403915
17447.659225405754,12.896685862200114
17448.659205874887,1.6831660117800715
17449.65918634402,6.395462498450273
17450.659166813148,11.247774180641395
17451.65914728228,9.097784469957926
17452.659127751413,10.381576650737752
17453.659108220545,11.945270487571458
17454.659088689674,7.574770066274956
17455.659069158806,5.64604224053932
17456.65904962794,8.419623972436497
17457.659030097067,13.252089547310376
17458.6590105662,5.626941130466291
17459.658991035332,25.10751961234884
17460.658971504465,5.96086968574237
17461.658951973594,28.603889438806544
17462.658932442726,11.990780867613763
17463.65891291186,12.2185141469863
17464.65889338099,12.086376257660966
17465.65887385012,11.052242566906305
17466.658854319252,3.070991628128411
17467.658834788384,4.5676237091414675
17468.658815257517,7.683143476183649
17469.658795726646,12.938839409383954
17470.658776195778,6.381901893519556
17471.65875666491,9.190693138368403
17472.658737134043,7.438329176933299
17473.65871760317,14.930747206644568
17474.658698072304,13.301753777751323
17475.658678541437,4.513051693768324
17476.658659010565,14.733101956632723
17477.658639479698,13.076859934050814
17478.65861994883,8.799104446588395
17479.658600417963,4.16889355951964
17480.65858088709,4.0035075255986845
17481.658561356224,10.599843209871525
17482.658541825356,6.133829075556843
17483.65852229449,8.568850774917498
17484.658502763617,5.5588716974563495
17485.65848323275,11.437767118064503
17486.658463701882,5.002897883430983
17487.658444171015,7.2679189614491895
17488.658424640143,3.3525092040508313
17489.658405109276,5.285974366276804
17490.65838557841,16.391101711579736
17491.65836604754,5.297202041884035
17492.65834651667,10.754869282455092
17493.658326985802,1.7155042246981047
17494.658307454934,3.9275907356386086
17495.658287924063,7.664418958574138
17496.658268393196,12.54644586231518
17497.658248862328,6.611714776945651
17498.65822933146,5.8323340430832635
17499.65820980059,5.434529116634033
17500.65819026972,21.735730100196236
17501.658170738854,9.433633664774938
17502.658151207987,9.585134321173282
17503.658131677115,6.547639632763186
17504.658112146248,4.8121939087185845
17505.65809261538,13.066404175637965
17506.658073084513,13.901670890584608
17507.65805355364,7.229635560492325
17508.658034022774,10.795916765262861
17509.658014491906,11.684768316568231
17510.657994961035,3.5332895009124345
17511.657975430167,10.275563594267476
17512.6579558993,4.359812940485618
17513.657936368432,3.937220717852033
17514.65791683756,10.37607801489036
17515.657897306693,9.588960263241999
17516.657877775826,9.517221199461572
17517.65785824496,7.872709297148305
17518.657838714087,10.587185207417575
17519.65781918322,19.444474111617257
17520.657799652352,13.052919810433957
17521.657780121484,10.791639475970182
17522.657760590613,9.725799796219793
17523.657741059746,1.5933903676041645
17524.657721528878,8.535843245868369
17525.65770199801,9.241104850699292
17526.65768246714,12.037135503498629
17527.65766293627,14.993825893549408
17528.657643405404,5.559906694725227
17529.657623874533,2.772725174879825
17530.657604343665,8.763293040096189
17531.657584812798,1.769687534365548
17532.65756528193,4.411223875329775
17533.65754575106,16.025817852457543
17534.65752622019,14.240136010970625
17535.657506689324,1.073002232111875
17536.657487158456,4.311286584837859
17537.657467627585,1.0168340061566752
17538.657448096717,7.383302082133987
17539.65742856585,11.831585834408669
17540.657409034982,5.568989245559681
17541.65738950411,17.61214224646658
17542.657369973243,7.177179585545132
17543.657350442376,12.247632204994574
17544.657330911505,9.480611660131917
17545.657311380637,3.2121878219404763
17546.65729184977,2.3224524182871513
17547.657272318902,3.379347783761487
17548.65725278803,11.440700618958823
17549.657233257163,9.056248856236484
17550.657213726296,4.388126210442095
17551.657194195428,3.9157755045771996
17552.657174664557,15.106492035385955
17553.65715513369,2.472231657689241
17554.65713560282,7.511230005292566
17555.657116071954,4.996973547709789
17556.657096541083,4.719879272023797
17557.657077010215,20.335374087276545
17558.657057479348,5.3348718814196125
17559.65703794848,16.693251749854767
17560.65701841761,9.272856966132858
17561.65699888674,11.788794224368472
17562.656979355874,7.634455521251447
17563.656959825003,6.839209971968692
17564.656940294135,19.361375953710183
17565.656920763267,3.6433715557812807
17566.6569012324,3.2783128131573473
17567.65688170153,7.605394008156424
17568.65686217066,12.656422863043607
17569.656842639793,7.518259398800691
17570.656823108926,0.6275779342020238
17571.656803578055,3.9903809165980895
17572.656784047187,11.290192793867048
17573.65676451632,4.411503808797248
17574.656744985452,5.248354513110655
17575.65672545458,7.006426034838727
17576.656705923713,2.84481080576316
17577.656686392846,10.354574351613959
17578.656666861978,7.318977166488091
17579.656647331107,2.583751580449593
17580.65662780024,11.06015556078662
17581.65660826937,2.442519805669737
17582.6565887385,4.069058177434323
17583.656569207633,10.752397415071782
17584.656549676765,7.611462137030594
17585.656530145898,8.9133816328407
17586.656510615026,9.881069120387293
17587.65649108416,13.239152977122949
17588.65647155329,7.15181387007456
17589.656452022424,14.396357572433642
17590.656432491553,14.212565836876559
17591.656412960685,7.9045264767309185
17592.656393429817,9.412759094947198
17593.65637389895,5.240134258760477
17594.65635436808,3.877581671515995
17595.65633483721,8.838357177860358
17596.656315306343,12.365484138156269
17597.656295775472,18.059464902110108
17598.656276244605,18.13254414572743
17599.656256713737,15.044630774084315
17600.65623718287,11.744100441378857
17601.656217652,10.929570465859843
17602.65619812113,17.541270826118577
17603.656178590263,6.117469773848777
17604.656159059396,15.534798898160034
17605.656139528524,5.104245429288295
17606.656119997657,9.491241618982283
17607.65610046679,9.527581425979088
17608.65608093592,8.336272857577486
17609.65606140505,4.397498782264539
17610.656041874183,5.826125556053175
17611.656022343315,12.671694978776664
17612.656002812448,10.588134061851246
17613.655983281576,3.4847140212623318
17614.65596375071,11.540447627533842
17615.65594421984,1.9884038954457801
17616.65592468897,5.3772665067645
17617.655905158103,7.462801110355909
17618.655885627235,12.64696119718512
17619.655866096367,13.741567369236137
17620.655846565496,5.042925682466313
17621.65582703463,13.363165140915171
17622.65580750376,19.493027697924518
17623.655787972893,3.7971043260037702
17624.655768442022,11.041109441272061
17625.655748911155,7.1930043499860385
17626.655729380287,12.693131731579971
17627.65570984942,8.863682140966404
17628.65569031855,20.30692398183943
17629.65567078768,4.564473236140108
17630.655651256813,1.1096628683027139
17631.655631725942,6.816406983151804
17632.655612195074,12.05347975318603
17633.655592664207,10.703331207770763
17634.65557313334,3.8263429741841306
17635.655553602468,9.49566290960061
17636.6555340716,4.649446944863387
17637.655514540733,7.721088186671869
17638.655495009865,12.540027612552237
17639.655475478994,7.174697816580201
17640.655455948126,5.193465630521083
17641.65543641726,4.6711082440127845
17642.65541688639,4.81600563005019
17643.65539735552,8.225430269011277
17644.655377824653,2.638877364953915
17645.655358293785,7.499321367224176
17646.655338762917,2.941033667836106
17647.655319232046,3.965249276787803
17648.65529970118,1.3918660549580286
17649.65528017031,3.6976381463520487
17650.65526063944,8.168446174920355
17651.655241108572,11.802920147281554
17652.655221577705,8.564857662970535
17653.655202046837,2.09482287713167
17654.655182515966,13.298021243587073
17655.6551629851,4.881826004635207
17656.65514345423,14.022251057245342
17657.655123923363,10.35191408945023
17658.655104392492,12.075571074558429
17659.655084861624,11.738084858955732
17660.655065330757,19.870005315976606
17661.65504579989,6.112112646817767
17662.655026269018,2.223271683023672
17663.65500673815,12.67856044062402
17664.654987207283,16.106586045963255
17665.65496767641,7.365574931507222
17666.654948145544,11.69730430083566
17667.654928614676,12.236853817215234
17668.65490908381,1.9799896826938963
17669.654889552938,9.41742086288836
17670.65487002207,7.524648187969685
17671.654850491203,7.661642500781619
17672.654830960335,4.348303872467008
17673.654811429464,6.486089296826396
17674.654791898596,2.3096757022267713
17675.65477236773,11.348342566256354
17676.65475283686,9.535364752786748
17677.65473330599,7.138797453379887
17678.654713775122,5.167342580934171
17679.654694244255,10.796154776328889
17680.654674713387,3.673150853017476
17681.654655182516,4.459332292003619
17682.65463565165,3.6651568543296142
17683.65461612078,3.3793793969066104
17684.65459658991,4.550694482626474
17685.654577059042,6.362291939588203
17686.654557528174,0.36212724546542363
17687.654537997307,8.973783548757037
17688.654518466436,8.912646009492077
17689.654498935568,7.968820203455412
17690.6544794047,6.172210415902748
17691.654459873833,12.92017244560138
17692.65444034296,8.92854362667863
17693.654420812094,8.23027334992752
17694.654401281226,2.9856834389855074
17695.65438175036,4.902629051755849
17696.654362219488,11.067478186365795
17697.65434268862,1.4483455828442016
17698.654323157753,1.7425092670321507
17699.654303626885,5.80393723143345
17700.654284096014,3.1573874346940287
17701.654264565146,6.149682364460818
17702.65424503428,4.236392482259022
17703.654225503407,6.563006958438341
17704.65420597254,7.676346135844871
17705.654186441672,1.9326803153952516
17706.654166910805,10.651625439888946
17707.654147379933,10.140879366579059
17708.654127849066,6.565979946897618
17709.6541083182,12.422245375835445
17710.65408878733,9.249336516140973
17711.65406925646,13.752335170807138
17712.654049725592,9.018915534843083
17713.654030194724,4.398199502106019
17714.654010663857,2.806523969393717
17715.653991132986,4.4769333384381955
17716.653971602118,7.979234109539462
17717.65395207125,4.086900035307814
17718.65393254038,10.978824780404828
17719.65391300951,16.354971324318782
17720.653893478644,7.955155925822535
17721.653873947776,9.047810069269753
17722.653854416905,13.867401424781585
17723.653834886038,1.8629171527907014
17724.65381535517,8.447160434146843
17725.653795824303,7.932106387446737
17726.65377629343,5.3998323220793285
17727.653756762564,9.057017966873484
17728.653737231696,4.568006314718276
17729.65371770083,6.222718915791407
17730.653698169957,3.8274877903182105
17731.65367863909,8.1815786447099
17732.653659108222,5.980912857709478
17733.653639577355,8.304996764351175
17734.653620046483,3.5318284126713824
17735.653600515616,4.090388116940269
17736.65358098475,7.8680617374547825
17737.653561453877,4.395800688865874
17738.65354192301,5.320020208893313
17739.653522392142,4.772311263499037
17740.653502861274,14.28539376253287
17741.653483330403,2.9236666422749424
17742.653463799536,8.361733640850233
17743.653444268668,3.118547047583413
17744.6534247378,4.695623609115782
17745.65340520693,4.278295898532629
17746.65338567606,12.031620890409926
17747.653366145194,6.058098581806925
17748.653346614326,4.685138301570576
17749.653327083455,16.269460534512852
17750.653307552588,10.287544210114234
17751.65328802172,16.691624504555765
17752.65326849085,13.756300931231687
17753.65324895998,8.65456198416577
17754.653229429114,12.170404803681647
17755.653209898246,14.161697774511477
17756.653190367375,6.277347626417412
17757.653170836507,12.697528204185934
17758.65315130564,21.074664158446623
17759.653131774772,8.077849955223348
17760.6531122439,7.604920619860424
17761.653092713033,6.415783829990587
17762.653073182166,12.653932395335419
17763.6530536513,7.657790770875361
17764.653034120427,22.71026314123263
17765.65301458956,18.81191536412126
17766.652995058692,8.632920868422103
17767.652975527824,6.4901167163997515
17768.652955996953,3.976576962029222
17769.652936466086,7.7384351549488475
17770.652916935218,14.133614602973607
17771.652897404347,1.5901665383737429
17772.65287787348,13.208606937088527
17773.65285834261,17.66675713088997
17774.652838811744,3.648600394310206
17775.652819280873,11.138044127085974
17776.652799750005,10.588123743368227
17777.652780219138,5.990575025255897
17778.65276068827,9.024052460811808
17779.6527411574,3.789720572033844
17780.65272162653,11.661832698610317
17781.652702095664,9.965589043249468
17782.652682564796,4.633789337330774
17783.652663033925,6.854194968534142
17784.652643503057,4.262965289976965
17785.65262397219,5.028492058920613
17786.65260444132,2.4076695126617884
17787.65258491045,7.482124861360594
17788.652565379583,6.818950977943861
17789.652545848716,10.509853697987461
17790.652526317845,9.287866593953153
17791.652506786977,6.413024757464816
17792.65248725611,4.650538278069624
17793.652467725242,7.697872686229114
17794.65244819437,10.662118015205287
17795.652428663503,5.36235763690653
17796.652409132636,11.55178237762343
17797.652389601768,4.688282128105963
17798.652370070897,7.32210083763423
17799.65235054003,11.796549884244072
17800.65233100916,0.8209289579408773
17801.652311478294,2.4161747542723115
17802.652291947423,15.484576721178003
17803.652272416555,5.3395167387151625
17804.652252885688,20.897876348539718
17805.652233354816,3.9763447404307666
17806.65221382395,13.155276735410348
17807.65219429308,2.6809529964876475
17808.652174762214,19.87797498431649
17809.652155231342,11.363922407860759
17810.652135700475,4.604021723400268
17811.652116169607,7.044596439983495
17812.65209663874,8.92036900417487
17813.65207710787,0.9645063487120106
17814.652057577,22.912817495957082
17815.652038046133,8.319201185372249
17816.652018515266,8.26502930895908
17817.651998984395,5.309795369811054
17818.651979453527,6.3451382647722205
17819.65195992266,8.989460076012207
17820.651940391792,13.64081635849419
17821.65192086092,3.1612779759264047
17822.651901330053,19.70319776185473
17823.651881799186,14.109814500901374
17824.651862268314,1.436008345108637
17825.651842737447,7.0917363368514295
17826.65182320658,5.64372282576677
17827.65180367571,8.301177151752404
17828.65178414484,12.225740957428458
17829.651764613973,7.658222295877458
17830.651745083105,6.459347171216211
17831.651725552238,10.444413194299878
17832.651706021366,6.655097023028571
17833.6516864905,5.928625197019436
17834.65166695963,11.590204175909559
17835.651647428764,6.210205188222488
17836.651627897892,8.500066699553281
17837.651608367025,16.710112122778828
17838.651588836157,4.1909044259019845
17839.651569305286,4.7780143082148685
17840.65154977442,13.150832458858197
17841.65153024355,23.305661410431842
17842.651510712683,7.297987286303757
17843.651491181812,9.112226517762462
17844.651471650945,0.3648874076924033
17845.651452120077,6.95286984048205
17846.65143258921,8.307584351009712
17847.65141305834,7.97715021747149
17848.65139352747,5.283716888538873
17849.651373996603,4.18186780385506
17850.651354465735,2.098436015876515
17851.651334934864,28.43035423608356
17852.651315403997,8.609426461119098
17853.65129587313,14.49665265946186
17854.65127634226,11.019534143888121
17855.65125681139,15.966610546166942
17856.651237280523,19.260161375783113
17857.651217749655,6.121108575468635
17858.651198218784,5.876666625362474
17859.651178687916,3.5334716868001705
17860.65115915705,10.998274164608125
17861.65113962618,17.13808326298141
17862.65112009531,6.4669899867916
17863.651100564442,21.929663020650928
17864.651081033575,12.518549813497176
17865.651061502707,10.493365327540749
17866.651041971836,5.999451085462183
17867.65102244097,4.620174654460534
17868.6510029101,9.189350776452132
17869.650983379233,6.474073798713871
17870.650963848362,10.53094381968253
17871.650944317495,21.148335942753757
17872.650924786627,16.364494858088392
17873.650905255756,13.375581593458572
17874.65088572489,2.5697640218441165
17875.65086619402,15.0649754532464
17876.650846663153,15.806682613487872
17877.650827132282,15.450004705080099
17878.650807601414,6.759666121123134
17879.650788070547,18.251395259137663
17880.65076853968,6.676821868768737
17881.650749008808,26.454019741957488
17882.65072947794,5.758598556384281
17883.650709947073,22.91290783158139
17884.650690416205,6.089869925769903
17885.650670885334,22.174927195351533
17886.650651354466,22.531521239142624
17887.6506318236,2.827629789852393
17888.65061229273,3.295200146230467
17889.65059276186,14.080611691420224
17890.650573230992,12.592233244576892
17891.650553700125,15.29658418601565
17892.650534169254,11.886006490470189
17893.650514638386,9.32509672323358
17894.65049510752,2.6712316632167092
17895.65047557665,17.120283808468365
17896.65045604578,5.855554658842795
17897.650436514912,18.045117411216147
17898.650416984045,2.804612531234839
17899.650397453177,4.870903468297026
17900.650377922306,12.089269462463342
17901.65035839144,19.270187093935665
17902.65033886057,2.2157039893013057
17903.650319329703,10.218683368473577
17904.650299798832,11.766095801082958
17905.650280267964,3.9231194250554338
17906.650260737097,10.485791741515296
17907.65024120623,12.907951891641012
17908.650221675358,4.434328318920182
17909.65020214449,6.369135022605659
17910.650182613623,12.244859126033193
17911.65016308275,9.537887193828416
17912.650143551884,3.6791974553508453
17913.650124021016,11.441370508806814
17914.65010449015,14.930240955429298
17915.650084959278,8.721203368460165
17916.65006542841,8.468451877803322
17917.650045897542,7.415134428867126
17918.650026366675,2.919356334447632
17919.650006835804,13.319428569910285
17920.649987304936,18.24369293022206
17921.64996777407,16.150003585286033
17922.6499482432,12.501116312928033
17923.64992871233,15.121109316938567
17924.649909181462,21.260619637092397
17925.649889650595,2.6534291140768653
17926.649870119723,6.508868786859873
17927.649850588856,16.99261575196356
17928.64983105799,3.4496967145709436
17929.64981152712,14.324320373677683
17930.64979199625,7.448499960198778
17931.649772465382,7.6621070945135585
17932.649752934514,10.561795448497303
17933.649733403647,12.466372915259079
17934.649713872775,12.740087083348461
17935.649694341908,10.87529334253228
17936.64967481104,17.28367206498687
17937.649655280173,7.114990174179479
17938.6496357493,5.4272103122262525
17939.649616218434,20.400687250370872
17940.649596687566,3.6170866805134545
17941.6495771567,3.665474892199718
17942.649557625828,7.626929562478831
17943.64953809496,5.0751907465906605
17944.649518564092,8.584570908853241
17945.64949903322,7.600715990097748
17946.649479502354,5.034784597931134
17947.649459971486,1.6525355796825887
17948.64944044062,4.684389666539707
17949.649420909747,12.22060740664604
17950.64940137888,6.712528914063834
17951.649381848012,4.644547526351237
17952.649362317145,6.024706125427066
17953.649342786273,10.126524253573118
17954.649323255406,3.088416371869645
17955.64930372454,1.5837977727510522
17956.64928419367,16.89667676141061
17957.6492646628,8.893406091761626
17958.649245131932,10.104836567046448
17959.649225601064,7.109915006959858
17960.649206070193,9.76835667402184
17961.649186539325,4.587632836945694
17962.649167008458,5.448721122988865
17963.64914747759,13.23102046422523
17964.64912794672,7.9783156997104046
17965.64910841585,10.489130914840535
17966.649088884984,9.731285931698554
17967.649069354116,8.345754623910956
17968.649049823245,11.024912741667206
17969.649030292378,13.331065277349287
17970.64901076151,7.366918488373244
17971.648991230642,9.628620611293233
17972.64897169977,16.572583310479036
17973.648952168904,3.022804718318087
17974.648932638036,4.179029369215956
17975.64891310717,7.432637874865626
17976.648893576297,8.412787814815733
17977.64887404543,24.135163022506585
17978.648854514562,8.525749466597153
17979.64883498369,5.817419066736049
17980.648815452823,7.250140183434052
17981.648795921956,16.42755736571584
17982.648776391088,19.45715803553023
17983.648756860217,7.239024514660319
17984.64873732935,6.616094520924163
17985.64871779848,14.7873609809869
17986.648698267614,11.84290942563459
17987.648678736743,10.368991944933269
17988.648659205875,6.7487945608226
17989.648639675008,6.961809201282918
17990.64862014414,10.692330892640745
17991.64860061327,14.898803547086159
17992.6485810824,16.52029033580861
17993.648561551534,16.33316370198582
17994.648542020663,11.791866602560138
17995.648522489795,13.028513313985977
17996.648502958928,8.654448346537778
17997.64848342806,11.689888274610073
17998.64846389719,5.187225599597063
17999.64844436632,3.4427164176432505
18000.648424835454,14.94972682243443
18001.648405304586,4.569089900973918
18002.648385773715,12.858500055835142
18003.648366242847,8.042475661256667
18004.64834671198,6.126744836349079
18005.648327181112,9.70669468045287
18006.64830765024,15.576198037530832
18007.648288119373,5.066584900036609
18008.648268588506,6.00865727893297
18009.648249057638,13.514883262681874
18010.648229526767,12.070341689769682
18011.6482099959,15.246452434353156
18012.64819046503,10.65418693332081
18013.64817093416,23.92534008585974
18014.648151403293,5.663233984159514
18015.648131872425,10.905519330378922
18016.648112341558,20.33286242136712
18017.648092810687,12.85282024242102
18018.64807327982,12.83154704771112
18019.64805374895,1.175318132108238
18020.648034218084,5.900508262626198
18021.648014687213,12.190231146904722
18022.647995156345,15.22494754928551
18023.647975625478,13.040392993460092
18024.64795609461,12.453185484809271
18025.64793656374,7.012957870334183
18026.64791703287,17.284062261293414
18027.647897502004,21.866503742288682
18028.647877971136,15.401009578667022
18029.647858440265,13.538808395495215
18030.647838909397,4.040919248974543
18031.64781937853,22.27746355285753
18032.64779984766,6.472517670160719
18033.64778031679,9.763879522443135
18034.647760785923,6.602307797337941
18035.647741255056,8.300103283624168
18036.647721724185,4.764456810276719
18037.647702193317,2.846387103705273
18038.64768266245,18.687277648435593
18039.64766313158,2.208087644731709
18040.64764360071,17.944198796088326
18041.647624069843,8.927557120793507
18042.647604538975,17.94532254519753
18043.647585008108,5.650752361016911
18044.647565477237,8.916401726208717
18045.64754594637,16.468096785532524
18046.6475264155,16.457690511198734
18047.64750688463,5.601544411290774
18048.647487353763,24.847975771648017
18049.647467822895,12.68506283162645
18050.647448292028,22.956664452949894
18051.647428761156,14.416782253386137
18052.64740923029,12.410420663745377
18053.64738969942,7.691466157865519
18054.647370168554,10.005872924679116
18055.647350637682,10.526708990251324
18056.647331106815,1.4480164430460185
18057.647311575947,8.637927460962032
18058.64729204508,0.9443132235694927
18059.64727251421,13.72045150703092
18060.64725298334,22.365565585959583
18061.647233452473,8.06289207864729
18062.647213921606,10.084693998986804
18063.647194390735,7.090454764609587
18064.647174859867,14.641860247227353
18065.647155329,12.38319699396394
18066.647135798128,11.330949501509789
18067.64711626726,12.86803136671768
18068.647096736393,9.688341323592889
18069.647077205525,25.806787460170522
18070.647057674654,11.20842152544234
18071.647038143787,28.290227142828044
18072.64701861292,30.09837513104866
18073.64699908205,20.68372597520304
18074.64697955118,11.102742004296482
18075.646960020313,11.934179163517816
18076.646940489445,11.95386443069799
18077.646920958578,12.288927441221826
18078.646901427706,13.790741976724213
18079.64688189684,11.983652089869226
18080.64686236597,25.450693012126415
18081.6468428351,11.964284848617423
18082.646823304232,13.174500966156572
18083.646803773365,3.2329220097633
18084.646784242497,4.792641652744714
18085.646764711626,15.678301428726506
18086.64674518076,7.481390838966009
18087.64672564989,8.314157297762641
18088.646706119023,8.74554940121166
18089.646686588152,5.16991846552187
18090.646667057285,8.206614904033913
18091.646647526417,14.549397366944698
18092.64662799555,13.987724460239097
18093.646608464678,10.187973042214448
18094.64658893381,15.853759177566664
18095.646569402943,16.37357391591732
18096.646549872075,6.777637859941409
18097.646530341204,8.714669594711653
18098.646510810337,13.715538913420726
18099.64649127947,5.147707171713426
18100.646471748598,6.161591337947092
18101.64645221773,6.927155480063769
18102.646432686863,15.420789993913045
18103.646413155995,4.00985017357822
18104.646393625124,15.150668730071269
18105.646374094256,6.467447390233746
18106.64635456339,11.854031115968256
18107.64633503252,9.534095909558681
18108.64631550165,10.960944011052776
18109.646295970782,4.115375865375495
18110.646276439915,13.457295072815715
18111.646256909047,5.928570527448451
18112.646237378176,6.011452580749696
18113.64621784731,11.046902874710376
18114.64619831644,6.318212564046911
18115.64617878557,13.286054881397714
18116.646159254702,6.685472770613446
18117.646139723834,2.6263684177982247
18118.646120192967,11.66252988289693
18119.646100662096,16.918349909208164
18120.646081131228,18.767528909969126
18121.64606160036,4.391692609051016
18122.646042069493,19.95105298615885
18123.64602253862,5.353367260952288
18124.646003007754,7.046456893468611
18125.645983476887,8.053173448018867
18126.64596394602,1.723215284477256
18127.645944415148,5.01215189764633
18128.64592488428,5.062885991784885
18129.645905353413,5.296243468397132
18130.645885822545,6.649024179147843
18131.645866291674,10.084330152241405
18132.645846760806,23.145767401673016
18133.64582722994,8.20039060695097
18134.645807699068,0.15368245854785306
18135.6457881682,10.286038736782162
18136.645768637332,4.970834737983056
18137.645749106465,7.446334219066936
18138.645729575594,5.574631523053272
18139.645710044726,9.156329743146118
18140.64569051386,9.861355050212005
18141.64567098299,8.359149257293682
18142.64565145212,11.520299990881115
18143.645631921252,3.9272056304570184
18144.645612390384,10.666292805451123
18145.645592859517,7.708749778405841
18146.645573328646,15.599811047290908
18147.645553797778,6.9539391385058575
18148.64553426691,3.663140545270501
18149.645514736043,10.178256680138496
18150.64549520517,6.555003164777617
18151.645475674304,6.798921714915384
18152.645456143437,6.644178736331659
18153.645436612565,12.63207385273557
18154.645417081698,17.254088560950958
18155.64539755083,11.017157898834212
18156.645378019963,26.003398168395815
18157.64535848909,15.993694663442987
18158.645338958224,3.1689495254781144
18159.645319427356,11.864569147763186
18160.64529989649,15.866656275325845
18161.645280365618,8.323227651849253
18162.64526083475,10.145610682980077
18163.645241303882,12.326074391764278
18164.645221773015,12.50704944029543
18165.645202242144,10.191752962164864
18166.645182711276,1.1766189531782014
18167.64516318041,6.131591186650294
18168.645143649537,8.345508873529313
18169.64512411867,6.049493114061171
18170.645104587802,10.543327764555837
18171.645085056934,9.818038611550744
18172.645065526063,7.6387440733205985
18173.645045995196,19.13945716404862
18174.645026464328,17.510259193615482
18175.64500693346,12.574714648961113
18176.64498740259,17.288961209278447
18177.64496787172,6.1768384630244055
18178.644948340854,6.1103463148047785
18179.644928809987,7.893864540095877
18180.644909279115,7.624536978600011
18181.644889748248,8.327481147016623
18182.64487021738,9.452579097955677
18183.644850686513,9.14712689923294
18184.64483115564,6.796474779164139
18185.644811624774,16.033253727935232
18186.644792093906,16.350530916855927
18187.644772563035,12.735197952330713
18188.644753032168,5.243093890328075
18189.6447335013,9.38447471523339
18190.644713970432,8.721244377932173
18191.64469443956,11.350899297504519
18192.644674908694,7.625141805608049
18193.644655377826,15.464342710981537
18194.64463584696,10.349582222142356
18195.644616316087,7.113826074598922
18196.64459678522,9.791070348773696
18197.644577254352,11.759705564335132
18198.644557723484,11.227386399023095
18199.644538192613,6.076676064957646
18200.644518661746,10.963306315573666
18201.644499130878,12.499632718508602
18202.644479600007,18.03049732680959
18203.64446006914,8.17272841113075
18204.64444053827,5.403839759262978
18205.644421007404,15.623929626877118
18206.644401476533,4.427205020187788
18207.644381945665,13.18001402435148
18208.644362414798,17.95991138067381
18209.64434288393,21.12366106059708
18210.64432335306,13.733084481738826
18211.64430382219,9.96804822759335
18212.644284291324,13.459838660103266
18213.644264760456,12.529806744690225
18214.644245229585,4.3285113871376915
18215.644225698717,7.318688947591646
18216.64420616785,10.439781860528655
18217.644186636982,5.9481215539336905
18218.64416710611,7.474209170812345
18219.644147575244,12.525550691782898
18220.644128044376,10.739153371922292
18221.644108513505,5.354524032065725
18222.644088982637,7.662845443271035
18223.64406945177,4.239536342780281
18224.644049920902,9.221025005463858
18225.64403039003,10.841577866053427
18226.644010859163,4.229878379027034
18227.643991328296,4.920161723691067
18228.643971797428,5.7631305592424535
18229.643952266557,7.641196087069575
18230.64393273569,9.546926123514407
18231.64391320482,4.924754451301393
18232.643893673954,3.0552395056981574
18233.643874143083,8.536643205572647
18234.643854612215,6.218175445076809
18235.643835081348,7.654078545901811
18236.64381555048,9.098447275150997
18237.64379601961,10.38273842087002
18238.64377648874,4.085880862817811
18239.643756957874,6.475107304518451
18240.643737427003,3.5393634939047547
18241.643717896135,13.206411872481635
18242.643698365267,17.067395867471365
18243.6436788344,7.85088482472999
18244.64365930353,9.99886999924821
18245.64363977266,2.7270464628234747
18246.643620241794,1.638438835807082
18247.643600710926,3.1453469508817338
18248.643581180055,16.38793807377429
18249.643561649187,10.960854672541263
18250.64354211832,6.113829083466269
18251.643522587452,6.793201002984491
18252.64350305658,5.662876219956402
18253.643483525713,12.905203037221083
18254.643463994846,11.042965560112533
18255.643444463974,2.779792761720793
18256.643424933107,3.5569288114129636
18257.64340540224,0.7198078346861124
18258.64338587137,11.730870649517657
18259.6433663405,9.914036608242627
18260.643346809633,7.947609763695227
18261.643327278765,10.711326359554665
18262.643307747898,7.464566859413074
18263.643288217027,11.303155255292953
18264.64326868616,18.269240190412347
18265.64324915529,7.460470489936527
18266.643229624424,7.444866303250403
18267.643210093553,2.6035932347888973
18268.643190562685,11.496277246876627
18269.643171031817,11.101881686992238
18270.64315150095,2.6345681588187095
18271.64313197008,6.612735032011056
18272.64311243921,9.470993309931286
18273.643092908344,6.482927688113824
18274.643073377472,14.16494835239168
18275.643053846605,5.85343185603252
18276.643034315737,10.46483092925716
18277.64301478487,5.676821410198723
18278.642995254,4.569899784866105
18279.64297572313,3.151667349015998
18280.642956192263,4.329851060859945
18281.642936661396,7.05298405409635
18282.642917130524,12.074852029900365
18283.642897599657,11.833772514138436
18284.64287806879,11.362519288324163
18285.64285853792,8.137112257926903
18286.64283900705,3.79280338763456
18287.642819476183,7.177270476471699
18288.642799945315,2.5134188277073704
18289.642780414444,11.974047173521287
18290.642760883577,11.190856235586732
18291.64274135271,7.5198043650739255
18292.64272182184,10.210849196522954
18293.64270229097,11.18588500654134
18294.642682760103,8.825797226692034
18295.642663229235,11.301670684562135
18296.642643698367,4.532626744972552
18297.642624167496,6.590833191993593
18298.64260463663,10.824836617601683
18299.64258510576,4.279319843111825
18300.642565574894,4.952249678735578
18301.642546044022,2.134242731307768
18302.642526513155,8.14249700703558
18303.642506982287,6.3874563673601745
18304.64248745142,3.3808966398362497
18305.64246792055,4.485288282956268
18306.64244838968,6.954265161625893
18307.642428858813,3.118921121288334
18308.642409327942,5.8854167201743675
18309.642389797074,14.73854734109936
18310.642370266207,1.3695008612189155
18311.64235073534,3.470177955539069
18312.642331204468,10.013268407387569
18313.6423116736,5.840882338233809
18314.642292142733,19.0502169126676
18315.642272611865,17.711999334952726
18316.642253080994,5.132731359199298
18317.642233550127,9.062915654718601
18318.64221401926,14.091784924933576
18319.64219448839,7.828786224969943
18320.64217495752,4.982627825103039
18321.642155426653,7.794977791260551
18322.642135895785,5.864418916710839
18323.642116364914,1.3494181697146717
18324.642096834046,6.539350372295955
18325.64207730318,3.4041802472224543
18326.64205777231,12.730590707312011
18327.64203824144,7.034566263345693
18328.642018710572,8.393894885985901
18329.641999179705,8.63329343385711
18330.641979648837,5.691706319359114
18331.641960117966,4.148426544579333
18332.6419405871,3.0760480224649234
18333.64192105623,10.776626808497724
18334.641901525363,7.7895475775854175
18335.641881994492,4.071954309709662
18336.641862463624,10.117872265952697
18337.641842932757,12.816797246374298
18338.64182340189,12.516784411665158
18339.641803871018,3.0604030827777104
18340.64178434015,14.85601999622171
18341.641764809283,7.188001099456702
18342.64174527841,6.358065921517613
18343.641725747544,10.370223067910254
18344.641706216677,5.333846278617769
18345.64168668581,8.26803943277821
18346.641667154938,7.34369043058899
18347.64164762407,10.72530189063904
18348.641628093203,5.352672210601149
18349.641608562335,17.56639058837308
18350.641589031464,6.369655053378162
18351.641569500596,5.860455451405665
18352.64154996973,9.322809955183192
18353.64153043886,10.249657637486361
18354.64151090799,7.839056625126313
18355.641491377122,3.0912972000393633
18356.641471846255,11.855508149691275
18357.641452315387,4.159949415389275
18358.641432784516,1.7023790673385013
18359.64141325365,6.573103680770942
18360.64139372278,6.201729853600713
18361.64137419191,7.788331572843498
18362.641354661042,14.58290159993959
18363.641335130174,4.170469300078385
18364.641315599307,2.1146310387266594
18365.641296068436,17.210004024716657
18366.641276537568,9.604335126013352
18367.6412570067,7.876907985335385
18368.641237475833,6.175667938299911
18369.64121794496,2.9604846671041214
18370.641198414094,13.429420125999698
18371.641178883227,4.826357860541571
18372.64115935236,8.862205725753405
18373.641139821488,4.55789792062297
18374.64112029062,18.990442541960014
18375.641100759753,18.123837574203318
18376.64108122888,8.179408997604158
18377.641061698014,10.777647248120148
18378.641042167146,5.623140673427581
18379.64102263628,0.9459401054690002
18380.641003105407,9.316091438162264
18381.64098357454,1.503773267119867
18382.640964043672,8.6008350523632
18383.640944512805,10.689998322303973
18384.640924981933,5.089006949314476
18385.640905451066,6.48104840103135
18386.6408859202,9.035781831859131
18387.64086638933,11.204440395382646
18388.64084685846,4.182063885108818
18389.640827327592,14.185749702650726
18390.640807796724,2.204937371488562
18391.640788265857,9.085959469693105
18392.640768734986,3.6834191724011904
18393.640749204118,7.280273791473813
18394.64072967325,6.710343552077131
18395.64071014238,6.736126143049201
18396.64069061151,5.4147846356700065
18397.640671080644,3.5583761560400315
18398.640651549777,8.570152958483048
18399.640632018905,8.128418213539641
18400.640612488038,10.859379335304645
18401.64059295717,7.443915732687747
18402.640573426303,4.904476392156377
18403.64055389543,10.826292996745895
18404.640534364564,7.16377245022267
18405.640514833696,5.333291580482177
18406.64049530283,14.0383204863979
18407.640475771957,3.692546277072978
18408.64045624109,2.995149976919573
18409.640436710222,10.921652197739457
18410.64041717935,11.491335474206481
18411.640397648483,5.924673547992804
18412.640378117616,12.079833880637754
18413.64035858675,7.113150330865579
18414.640339055877,12.70138018612126
18415.64031952501,9.829699982113054
18416.640299994142,3.651667716017571
18417.640280463274,0.9856070827094151
18418.640260932403,2.762367562333254
18419.640241401536,12.484321275710991
18420.640221870668,5.069454163745895
18421.6402023398,3.1250881195182156
18422.64018280893,4.745382346523249
18423.64016327806,4.606097216352273
18424.640143747194,5.4007781953423155
18425.640124216327,4.7343378896532435
18426.640104685455,6.317570031855186
18427.640085154588,7.244705980903029
18428.64006562372,15.158210833826914
18429.64004609285,8.677688060755221
18430.64002656198,3.8118861592407702
18431.640007031114,2.660184714816785
18432.639987500246,2.9501845737850654
18433.639967969375,15.874582808805446
18434.639948438507,12.758787536652038
18435.63992890764,12.508806992186766
18436.639909376772,6.837886363961458
18437.6398898459,11.032634793613733
18438.639870315033,11.491659351719791
18439.639850784166,6.898353168786616
18440.6398312533,9.842088353039452
18441.639811722427,10.671906031999416
18442.63979219156,13.642816192381332
18443.639772660692,5.884548658415712
18444.63975312982,7.71235765003507
18445.639733598953,2.0721844545850523
18446.639714068086,8.315200404505001
18447.639694537218,5.408925455852834
18448.639675006347,4.836588609888589
18449.63965547548,4.999203512484262
18450.63963594461,7.824656286353284
18451.639616413744,16.1045273698472
18452.639596882873,10.942807048309556
18453.639577352005,10.526502910548045
18454.639557821138,12.551556570055428
18455.63953829027,20.95502872000632
18456.6395187594,19.538284823592534
18457.63949922853,17.347317677149835
18458.639479697664,13.999020544524376
18459.639460166796,7.906494433105897
18460.639440635925,19.727152918602417
18461.639421105057,11.6260406928882
18462.63940157419,9.595892991222865
18463.63938204332,3.811789524465193
18464.63936251245,4.163180794313134
18465.639342981583,7.787607920385066
18466.639323450716,10.091728173724483
18467.639303919845,4.070595667156876
18468.639284388977,8.056313438651237
18469.63926485811,1.6579647029338551
18470.639245327242,11.59094686057825
18471.63922579637,7.206938851388073
18472.639206265503,13.168809748662154
18473.639186734636,4.3455987767674
18474.639167203768,7.347383040760659
18475.639147672897,6.3062809690433435
18476.63912814203,8.261418938432513
18477.63910861116,8.789680136594932
18478.639089080294,3.6748318286292894
18479.639069549423,6.305953345678537
18480.639050018555,4.04944987886558
18481.639030487688,6.171007560609604
18482.639010956816,12.360236818262749
18483.63899142595,18.21712114323926
18484.63897189508,3.601481137433571
18485.638952364214,15.90511598278198
18486.638932833343,7.731580673718676
18487.638913302475,8.619703051891541
18488.638893771607,7.925113839967965
18489.63887424074,16.484360648690576
18490.63885470987,6.544134257458858
18491.638835179,7.224009114425243
18492.638815648133,9.417176658284506
18493.638796117266,2.788269469502326
18494.638776586395,8.598839475530452
18495.638757055527,9.822471560887013
18496.63873752466,15.7376900840882
18497.63871799379,9.661746480767757
18498.63869846292,13.284297753799118
18499.638678932053,11.195348905378792
18500.638659401186,11.989487737159907
18501.638639870314,5.803226168569766
18502.638620339447,5.90809542007244
18503.63860080858,9.03906116345313
18504.63858127771,11.003640709248456
18505.63856174684,5.991722391544322
18506.638542215973,1.302861693659986
18507.638522685105,14.789874725229808
18508.638503154238,1.4087130105933103
18509.638483623366,5.155562192581353
18510.6384640925,3.1906574066508777
18511.63844456163,4.886519695687948
18512.638425030764,11.087281459116602
18513.638405499893,8.88329488545929
18514.638385969025,8.19818092972103
18515.638366438157,0.927750174972202
18516.638346907286,13.92659385937979
18517.63832737642,8.193310853128208
18518.63830784555,9.23700666666462
18519.638288314683,15.143260982344081
18520.638268783812,11.625097122134743
18521.638249252945,14.910409743817826
18522.638229722077,12.22232679704042
18523.63821019121,10.449785542876029
18524.63819066034,10.140852857629472
18525.63817112947,11.353609626687746
18526.638151598603,8.032975514192607
18527.638132067736,10.447961219107537
18528.638112536864,3.620861466511421
18529.638093005997,10.898356886460245
18530.63807347513,7.843519235368831
18531.638053944258,16.17318252006864
18532.63803441339,4.604723915937259
18533.638014882523,8.087686800512406
18534.637995351655,10.75296992157808
18535.637975820784,6.547599757428624
18536.637956289916,6.632367064510849
18537.63793675905,7.09372219995638
18538.63791722818,3.5224495893898338
18539.63789769731,3.985617200626993
18540.637878166443,15.07723247266478
18541.637858635575,1.5402332619751153
18542.637839104707,11.688884641442195
18543.637819573836,9.016149372291581
18544.63780004297,3.9062293216023756
18545.6377805121,10.77465552177044
18546.637760981233,4.714315149284638
18547.637741450362,10.35306557687894
18548.637721919495,13.92529948356197
18549.637702388627,3.696659669569353
18550.637682857756,12.805722901715976
18551.63766332689,10.68609002568643
18552.63764379602,12.232333272295916
18553.637624265153,6.661088861100194
18554.637604734282,8.559565143558572
18555.637585203414,3.2836954815084276
18556.637565672547,11.615557783191921
18557.63754614168,17.73869473423082
18558.637526610808,8.546618901984097
18559.63750707994,6.739864853019797
18560.637487549073,14.428370400873952
18561.637468018205,11.248799467852873
18562.637448487334,13.542087114412428
18563.637428956466,3.7234917101187017
18564.6374094256,6.39978875979903
18565.63738989473,6.916347901624134
18566.63737036386,19.79945805156049
18567.637350832993,7.309955119553493
18568.637331302125,12.603780720031876
18569.637311771254,11.799123797650992
18570.637292240386,15.484682898393947
18571.63727270952,7.3129668119652855
18572.63725317865,5.215681661990162
18573.63723364778,6.336605291649049
18574.637214116912,12.013846346055248
18575.637194586045,9.037120569760399
18576.637175055177,26.14575569237973
18577.637155524306,11.579156582488993
18578.63713599344,7.4800098496379785
18579.63711646257,3.9657896678372158
18580.637096931703,11.42110799281036
18581.637077400832,6.653523855245208
18582.637057869964,8.963219376873399
18583.637038339097,15.376507328362433
18584.637018808226,18.2981037795356
18585.636999277358,2.5389499146145167
18586.63697974649,7.264257225808621
18587.636960215623,7.756027082475593
18588.63694068475,21.02345856360839
18589.636921153884,6.3001811145854925
18590.636901623016,11.129639333904377
18591.63688209215,5.64462950272721
18592.636862561278,9.616876185255617
18593.63684303041,8.448906813904433
18594.636823499543,15.623287887425642
18595.636803968675,5.740161427473903
18596.636784437804,15.566652289842079
18597.636764906936,15.271235455533997
18598.63674537607,1.8861093923096885
18599.6367258452,11.19459110792086
18600.63670631433,17.491255234805177
18601.636686783462,5.320209472681937
18602.636667252595,12.343529924658636
18603.636647721723,16.117640552486318
18604.636628190856,6.729334529047266
18605.63660865999,10.178982351842865
18606.63658912912,3.6729926951403074
18607.63656959825,9.287748080477412
18608.636550067382,4.660251808951909
18609.636530536514,4.059907418811027
18610.636511005647,8.214736233779684
18611.636491474776,6.692993262359037
18612.636471943908,12.0707501669604
18613.63645241304,11.312068913558107
18614.636432882173,4.330677579846107
18615.6364133513,5.457841707944194
18616.636393820434,7.503613144286684
18617.636374289566,8.196918408239764
18618.636354758695,4.8277117616753396
18619.636335227828,4.792543636994191
18620.63631569696,2.6745161894797436
18621.636296166093,9.157268999478223
18622.63627663522,3.665238052953566
18623.636257104354,8.532178424996268
18624.636237573486,6.920286783001922
18625.63621804262,12.77446347579155
18626.636198511747,13.655895009402117
18627.63617898088,10.045015679009323
18628.636159450012,24.75606720382587
18629.636139919145,14.955904716989188
18630.636120388273,8.03496075017016
18631.636100857406,12.964760232945496
18632.63608132654,10.994717839005462
18633.63606179567,2.3660663350671225
18634.6360422648,5.693577364095243
18635.636022733932,6.790649211186884
18636.636003203064,5.568419485115521
18637.635983672193,7.993836154270665
18638.635964141326,3.723296968318691
18639.635944610458,5.697464094001877
18640.63592507959,13.66149683139261
18641.63590554872,11.459678921814962
18642.63588601785,9.74649391600505
18643.635866486984,9.555745689533106
18644.635846956116,10.211912392570515
18645.635827425245,21.875896641948547
18646.635807894378,12.78338056491891
18647.63578836351,10.116064645070074
18648.635768832642,8.686008116282826
18649.63574930177,17.66545648273029
18650.635729770904,16.94114642310084
18651.635710240036,7.454265490134632
18652.635690709165,4.950105093654492
18653.635671178297,4.061294618479055
18654.63565164743,9.226509272093304
18655.635632116562,6.375448699006086
18656.63561258569,5.4872012751151455
18657.635593054823,1.662774608547962
18658.635573523956,12.344857921052485
18659.63555399309,8.934549964627086
18660.635534462217,15.818159451943131
18661.63551493135,5.630762663972644
18662.635495400482,9.413947208690862
18663.635475869614,11.226638319189803
18664.635456338743,15.718085014095587
18665.635436807876,15.357216018472657
18666.635417277008,4.456176283566656
18667.63539774614,3.8599977922815922
18668.63537821527,10.978771411771746
18669.6353586844,5.486961234197112
18670.635339153534,12.31139162358772
18671.635319622663,15.472272580767124
18672.635300091795,4.061636441125135
18673.635280560928,11.328215156705424
18674.63526103006,12.128557254470268
18675.63524149919,9.313191694906417
18676.63522196832,4.366090304467254
18677.635202437454,5.019273513377197
18678.635182906586,6.1820826813919325
18679.635163375715,18.082555403883067
18680.635143844847,25.525516230184046
18681.63512431398,18.73885229334472
18682.635104783112,12.50540852321136
18683.63508525224,3.7005457532874346
18684.635065721373,11.793779288936985
18685.635046190506,21.009508575843277
18686.63502665964,10.675251356670474
18687.635007128767,9.990569051745636
18688.6349875979,13.980966896517131
18689.634968067032,15.56010363178696
18690.63494853616,5.888818702496364
18691.634929005293,7.078595303045958
18692.634909474426,22.90769075424705
18693.634889943558,9.749553953455651
18694.634870412687,5.08772614426901
18695.63485088182,12.100311195682968
18696.63483135095,1.9823649135999897
18697.634811820084,7.813924813714162
18698.634792289213,13.6966491663211
18699.634772758345,8.41229736316263
18700.634753227478,6.2769942134821415
18701.63473369661,8.159846711020414
18702.63471416574,11.653068857460765
18703.63469463487,2.484992260321926
18704.634675104004,11.285407305586654
18705.634655573132,6.877415548984679
18706.634636042265,5.932903395710233
18707.634616511397,9.645750624472292
18708.63459698053,3.4995068236622306
18709.63457744966,13.633874110522072
18710.63455791879,19.210026109345392
18711.634538387923,5.439619502796796
18712.634518857056,3.319124385319145
18713.634499326185,5.180883593172254
18714.634479795317,16.147377708481795
18715.63446026445,25.923325414993855
18716.634440733582,6.265443276398778
18717.63442120271,3.9964398852062115
18718.634401671843,4.920904712533532
18719.634382140976,2.499485457469219
18720.634362610108,22.976068657317175
18721.634343079237,4.3151848671088135
18722.63432354837,6.275191041420789
18723.6343040175,8.21045244048242
18724.63428448663,3.6011446148408233
18725.634264955763,10.733182405170892
18726.634245424895,7.710324115603761
18727.634225894028,18.381987558528554
18728.634206363156,17.879667186093442
18729.63418683229,6.999534813981345
18730.63416730142,12.290970894044374
18731.634147770554,11.702467225903954
18732.634128239682,11.507104226719079
18733.634108708815,5.056342794448608
18734.634089177947,4.516933811948101
18735.63406964708,7.6613901536279565
18736.63405011621,7.73114478778051
18737.63403058534,7.340242223984543
18738.634011054473,12.626155502762208
18739.633991523602,13.020413814267558
18740.633971992735,0.3451078910228186
18741.633952461867,8.25753917968341
18742.633932931,4.4778246525233705
18743.63391340013,6.846539678196051
18744.63389386926,27.800648312272397
18745.633874338393,5.959501825477623
18746.633854807525,16.115053401792874
18747.633835276654,13.337905979531433
18748.633815745787,9.720794371776547
18749.63379621492,9.153016413783746
18750.63377668405,8.905566043252115
18751.63375715318,20.39806602322273
18752.633737622313,17.65389851537522
18753.633718091445,11.932828297021677
18754.633698560578,7.123125793253655
18755.633679029706,10.410109150935853
18756.63365949884,17.343542026642183
18757.63363996797,2.488581274659495
18758.6336204371,14.930445269234278
18759.633600906232,7.469443340060836
18760.633581375365,19.029578266014656
18761.633561844497,13.918450573416102
18762.633542313626,26.06159810715198
18763.63352278276,11.08766876015355
18764.63350325189,3.1938772458029705
18765.633483721023,12.14933248846361
18766.633464190152,8.168907452102895
18767.633444659285,5.670066910648989
18768.633425128417,6.3214874220533925
18769.63340559755,7.269316734163029
18770.63338606668,5.55098044845269
18771.63336653581,10.90444934633511
18772.633347004943,6.659949521616236
18773.633327474075,10.389008148487312
18774.633307943204,13.525754393270189
18775.633288412337,6.741033268744272
18776.63326888147,10.472933824590221
18777.633249350598,8.236380771657279
18778.63322981973,18.740588700524746
18779.633210288863,1.829537602260029
18780.633190757995,10.31795846303484
18781.633171227124,7.60604615698965
18782.633151696256,9.48683240431222
18783.63313216539,6.0928773304084185
18784.63311263452,8.3308971377492
18785.63309310365,11.40934303479778
18786.633073572782,14.659452330654243
18787.633054041915,8.519339630573977
18788.633034511047,11.165594265698276
18789.633014980176,5.205886101315447
18790.63299544931,20.54957130783849
18791.63297591844,13.824790787316674
18792.63295638757,2.7927273833561808
18793.632936856702,5.233894476192246
18794.632917325835,7.696399456852784
18795.632897794967,4.4028770031659485
18796.632878264096,6.807838042873631
18797.63285873323,13.655543835294912
18798.63283920236,14.877273471764275
18799.632819671493,4.228279550450428
18800.632800140622,5.798276745312175
18801.632780609754,3.3349511820786626
18802.632761078887,10.953230088794857
18803.63274154802,4.546752411933267
18804.632722017148,1.2375790927157768
18805.63270248628,12.259488872261057
18806.632682955413,6.013643371970951
18807.632663424545,5.243588202906721
18808.632643893674,8.41610227741814
18809.632624362806,7.282261324478357
18810.63260483194,18.4140973931659
18811.632585301068,7.205297935335263
18812.6325657702,9.154975138778244
18813.632546239332,14.108694195667956
18814.632526708465,12.139586188112753
18815.632507177594,10.363998073400019
18816.632487646726,5.36850430209089
18817.63246811586,4.1806068523709845
18818.63244858499,7.405495251105421
18819.63242905412,8.938796133808896
18820.632409523252,19.68080250054776
18821.632389992385,15.680624926176893
18822.632370461517,12.977255585335472
18823.632350930646,14.567359545270211
18824.63233139978,16.243028168627315
18825.63231186891,13.963332169495578
18826.63229233804,3.4437341264299586
18827.632272807172,19.6921913806182
18828.632253276304,7.853183336057609
18829.632233745437,18.601569949393358
18830.632214214565,16.468893766855256
18831.632194683698,1.8676374866644148
18832.63217515283,5.1343911461151315
18833.632155621963,8.267039857668728
18834.63213609109,8.826169862002017
18835.632116560224,3.009343994588324
18836.632097029356,8.08727918693891
18837.63207749849,11.620942135036083
18838.632057967618,14.548567278316828
18839.63203843675,18.70149719312019
18840.632018905882,7.085859802671577
18841.631999375015,18.4305730137579
18842.631979844144,19.277413989232073
18843.631960313276,15.276369395311479
18844.63194078241,19.617171088187693
18845.631921251537,7.729950778128821
18846.63190172067,8.28624152484257
18847.631882189802,11.565957095742348
18848.631862658935,18.6140096026009
18849.631843128063,5.693220757292736
18850.631823597196,1.6236504409947032
18851.63180406633,14.878338148544263
18852.63178453546,16.99320691243688
18853.63176500459,10.442080764041693
18854.631745473722,18.191369348096035
18855.631725942854,11.08198161747852
18856.631706411987,15.750508272311354
18857.631686881115,3.9110858239915025
18858.631667350248,13.202835727554762
18859.63164781938,17.79349191939632
18860.63162828851,7.057658595110501
18861.63160875764,3.1998978981185986
18862.631589226774,21.01668787148611
18863.631569695906,12.447355602736755
18864.631550165035,13.727132468195778
18865.631530634168,8.259527678166336
18866.6315111033,22.099500123601967
18867.631491572432,36.435679661168784
18868.63147204156,16.99086688177048
18869.631452510694,8.154360362897563
18870.631432979826,14.451004177632965
18871.63141344896,18.338361293868207
18872.631393918087,10.710000048793358
18873.63137438722,9.731200118035265
18874.631354856352,15.575168335798788
18875.631335325485,48.59059788931892
18876.631315794613,27.53738732251833
18877.631296263746,16.349950822891756
18878.631276732878,8.986969672369462
18879.631257202007,23.56532619229916
18880.63123767114,8.532118062245182
18881.63121814027,23.591843182598843
18882.631198609404,14.428234036236121
18883.631179078533,19.731142880474533
18884.631159547665,21.784618857268942
18885.631140016798,23.970877806364136
18886.63112048593,21.037679139809136
18887.63110095506,28.19070388266974
18888.63108142419,0.5728822277295126
18889.631061893324,15.570832058667033
18890.631042362456,8.628726167156277
18891.631022831585,8.752886306359972
18892.631003300718,20.607593007545137
18893.63098376985,5.261067005439398
18894.630964238982,14.767782405243448
18895.63094470811,10.592774303255126
18896.630925177244,3.0218913478387464
18897.630905646376,3.5155153809901756
18898.630886115505,12.059725613468201
18899.630866584637,6.714932971224178
18900.63084705377,4.733235885317621
18901.630827522902,13.349990408744148
18902.63080799203,6.424562466787867
18903.630788461163,6.283748927790676
18904.630768930296,6.774305753525859
18905.630749399428,5.951517608169138
18906.630729868557,14.309842719473034
18907.63071033769,17.986518427013984
18908.63069080682,15.692318791722023
18909.630671275954,13.974221106248473
18910.630651745083,5.929309746589828
18911.630632214215,19.77695619037883
18912.630612683348,16.00882137677159
18913.630593152477,2.9676045928881534
18914.63057362161,15.973372885998316
18915.63055409074,8.220134714068244
18916.630534559874,16.918556229387722
18917.630515029003,7.466475076768186
18918.630495498135,17.486875876894103
18919.630475967268,7.486780264596023
18920.6304564364,16.072652534511892
18921.63043690553,21.637600461888074
18922.63041737466,15.366779096761087
18923.630397843794,2.9109291632030794
18924.630378312926,1.2928098421096312
18925.630358782055,1.9644960722898408
18926.630339251187,7.180152414852397
18927.63031972032,9.917282335383725
18928.630300189452,6.942553563512217
18929.63028065858,14.93107717638749
18930.630261127713,7.433937689568695
18931.630241596846,17.44253712649544
18932.630222065975,2.25257072716109
18933.630202535107,9.094117074220433
18934.63018300424,15.27746551267389
18935.63016347337,16.82685693428343
18936.6301439425,5.677514918650233
18937.630124411633,29.61415396541856
18938.630104880765,7.623194226803227
18939.630085349898,13.36805173403718
18940.630065819027,7.8916967189113745
18941.63004628816,22.489926835545642
18942.63002675729,5.252941805001369
18943.630007226424,23.898656801061943
18944.629987695553,15.640198249915802
18945.629968164685,5.4837544965946
18946.629948633818,10.292064486131657
18947.629929102946,19.045897091441866
18948.62990957208,14.867134431858968
18949.62989004121,6.912772603356819
18950.629870510344,14.462704532835495
18951.629850979472,26.30602917824126
18952.629831448605,2.623541054151237
18953.629811917737,5.962847145035288
18954.62979238687,12.562981376664883
18955.629772856,15.261492930126671
18956.62975332513,7.622507724174224
18957.629733794263,0.36823508910133324
18958.629714263396,26.521544340054884
18959.629694732525,7.9209702460643125
18960.629675201657,13.229492113582646
18961.62965567079,20.534879388132264
18962.62963613992,14.026670881984304
18963.62961660905,9.475482571701175
18964.629597078183,14.241820389082541
18965.629577547315,8.2252915183918
18966.629558016444,15.656201907482952
18967.629538485577,6.080938293258194
18968.62951895471,9.88546442570314
18969.62949942384,3.8546840993663483
18970.62947989297,12.815176421077577
18971.629460362103,13.022504412496106
18972.629440831235,8.209091956746466
18973.629421300368,15.300574407119706
18974.629401769496,8.254592416401163
18975.62938223863,20.13885932099376
18976.62936270776,10.769881729683851
18977.629343176894,11.494390597160287
18978.629323646022,18.243648447487892
18979.629304115155,16.938455993133427
18980.629284584287,10.57982913389592
18981.629265053416,14.627039610951016
18982.62924552255,8.927672206429616
18983.62922599168,8.944338364569727
18984.629206460813,14.402137602554177
18985.629186929942,12.894567017520643
18986.629167399075,8.504080491575468
18987.629147868207,5.54065173451949
18988.62912833734,3.2111714622020737
18989.629108806468,24.7782249740424
18990.6290892756,5.9935036400165265
18991.629069744733,8.32150071405334
18992.629050213865,5.487239293246803
18993.629030682994,16.941770499280945
18994.629011152127,15.989160670253128
18995.62899162126,11.000284093466144
18996.62897209039,15.093197210729874
18997.62895255952,8.177899954589606
18998.628933028653,24.32271974231853
18999.628913497785,10.55537950666345
19000.628893966914,11.896565890310079
19001.628874436046,13.11134609924501
19002.62885490518,9.7682801372443
19003.62883537431,14.22541428214109
19004.62881584344,9.318857889674954
19005.628796312572,13.804601351547685
19006.628776781705,1.7245238318478135
19007.628757250837,4.3928896579531775
19008.628737719966,15.443490311651365
19009.6287181891,17.499601793840874
19010.62869865823,5.790583483412753
19011.628679127363,4.6540387384619395
19012.628659596492,11.874204616341533
19013.628640065624,19.659261733338088
19014.628620534757,10.903904739196904
19015.62860100389,9.294480679118449
19016.628581473018,5.688454895971678
19017.62856194215,13.261588360764343
19018.628542411283,5.181162833945016
19019.62852288041,12.191855367657912
19020.628503349544,11.167508645445793
19021.628483818677,14.520146610748684
19022.62846428781,17.153923610956156
19023.628444756938,18.311394872540948
19024.62842522607,9.23067317381892
19025.628405695203,18.063912284503978
19026.628386164335,16.009920761147143
19027.628366633464,12.088833516548696
19028.628347102596,4.478675961098434
19029.62832757173,4.334037119138397
19030.62830804086,4.863233966405666
19031.62828850999,2.8500610487094358
19032.628268979122,6.093273032474009
19033.628249448255,18.161354212778647
19034.628229917384,12.064436355324657
19035.628210386516,10.8371365174495
19036.62819085565,5.288577912438017
19037.62817132478,1.7465244597223246
19038.62815179391,4.717337998543272
19039.628132263042,10.34737991851422
19040.628112732174,4.857170944236469
19041.628093201307,9.326505839211038
19042.628073670436,16.789320087740922
19043.628054139568,15.35663430696673
19044.6280346087,9.70082819901983
19045.628015077833,10.055940975874785
19046.62799554696,4.60897985872609
19047.627976016094,10.131449150011493
19048.627956485227,16.758879694431222
19049.62793695436,4.594529850078354
19050.627917423488,4.14822677547548
19051.62789789262,9.00861812700691
19052.627878361753,25.099421389694662
19053.62785883088,21.365119768249592
19054.627839300014,13.066625596065814
19055.627819769146,16.68032575693189
19056.62780023828,15.00772876593752
19057.627780707408,19.223712147128186
19058.62776117654,17.052496071219043
19059.627741645672,10.15692107287332
19060.627722114805,7.588910081894543
19061.627702583934,6.725226435915876
19062.627683053066,5.944454700103598
19063.6276635222,22.37550889241964
19064.62764399133,3.602613810230933
19065.62762446046,24.060810944465114
19066.627604929592,14.586747360298862
19067.627585398724,12.991873012859692
19068.627565867853,31.218239288849738
19069.627546336986,26.56661117334279
19070.627526806118,18.25781180272329
19071.62750727525,25.65879090331253
19072.62748774438,6.496440368214159
19073.62746821351,11.55700461503413
19074.627448682644,1.1129885531592116
19075.627429151777,2.8533248583857294
19076.627409620905,15.823331867042667
19077.627390090038,7.483424762215641
19078.62737055917,12.560252604853526
19079.627351028303,11.895424084779819
19080.62733149743,28.702598602505393
19081.627311966564,13.247574811661035
19082.627292435696,14.730853457415224
19083.62727290483,19.948237355041766
19084.627253373958,2.008691495791779
19085.62723384309,14.46250740359722
19086.627214312222,12.938080150428044
19087.62719478135,7.230161970574309
19088.627175250484,4.430497251101102
19089.627155719616,9.468384609043802
19090.62713618875,10.496871529089855
19091.627116657877,6.4729955242233475
19092.62709712701,11.721457712560222
19093.627077596142,13.316349435425685
19094.627058065274,9.36157689336686
19095.627038534403,11.517727977869676
19096.627019003536,4.506172006292736
19097.626999472668,16.23835623915006
19098.6269799418,6.321437612933226
19099.62696041093,7.3800000872210285
19100.62694088006,3.772140786739933
19101.626921349194,13.325575480717212
19102.626901818327,12.075077666003505
19103.626882287455,13.683100325436492
19104.626862756588,2.725543441225668
19105.62684322572,10.668084032430098
19106.62682369485,6.62521446536029
19107.62680416398,13.172285926763529
19108.626784633114,5.792450631111549
19109.626765102246,8.681728487607119
19110.626745571375,9.635753836993459
19111.626726040507,13.821215608231451
19112.62670650964,24.886432966098674
19113.626686978772,9.877509166367542
19114.6266674479,3.027042923913075
19115.626647917034,5.09376839803304
19116.626628386166,13.445137409388542
19117.6266088553,10.675473897465297
19118.626589324427,5.5735099741222935
19119.62656979356,21.832820348536185
19120.626550262692,20.646286424108965
19121.62653073182,7.470673314538233
19122.626511200953,14.33673455019668
19123.626491670086,9.434878604564528
19124.626472139218,15.00178275340756
19125.626452608347,4.356561681956956
19126.62643307748,4.836844013449849
19127.62641354661,4.470092280457571
19128.626394015744,9.087362307952352
19129.626374484873,12.042317327911398
19130.626354954005,15.740957181732144
19131.626335423138,5.489658833947654
19132.62631589227,5.841487581659765
19133.6262963614,4.654848692411536
19134.62627683053,18.455362788426505
19135.626257299664,9.648556505030438
19136.626237768796,24.2293009130893
19137.626218237925,9.874581162766152
19138.626198707057,8.664687395436463
19139.62617917619,15.222589308029132
19140.62615964532,12.907801003235912
19141.62614011445,8.753974223357384
19142.626120583584,4.869829430354575
19143.626101052716,4.725110601609818
19144.626081521845,7.746031559929552
19145.626061990977,5.045873963940047
19146.62604246011,7.205778898777727
19147.626022929242,14.238755764937011
19148.62600339837,7.390281479427215
19149.625983867503,17.919836783583563
19150.625964336636,18.7607090209147
19151.625944805768,6.012312554166246
19152.625925274897,16.711702942699507
19153.62590574403,13.694106038853114
19154.62588621316,8.732991906487312
19155.62586668229,11.483292391565426
19156.625847151423,18.30526256949688
19157.625827620555,14.49265502659568
19158.625808089688,28.862383850422376
19159.625788558817,15.005939772869848
19160.62576902795,12.536088676026836
19161.62574949708,8.65127654685266
19162.625729966214,13.73856733393494
19163.625710435343,16.549380601388027
19164.625690904475,8.301189497031858
19165.625671373607,9.58559444415184
19166.62565184274,8.464936229019035
19167.62563231187,11.598964853800938
19168.625612781,14.925395931306344
19169.625593250134,21.037173472200735
19170.625573719266,19.657664461928558
19171.625554188395,4.714824187927631
19172.625534657527,6.691477448924641
19173.62551512666,3.0214480608537926
19174.62549559579,10.157004179198227
19175.62547606492,9.639619386577253
19176.625456534053,5.83951550809011
19177.625437003186,2.8847664327147124
19178.625417472314,5.909305185852203
19179.625397941447,11.721354518830791
19180.62537841058,16.561787408169693
19181.62535887971,4.720944915248224
19182.62533934884,9.48309932542046
19183.625319817973,4.258805362710097
19184.625300287105,13.214948077712735
19185.625280756238,2.817464551462108
19186.625261225367,16.63897140005982
19187.6252416945,3.7782745455279496
19188.62522216363,4.456587635470307
19189.62520263276,23.99362788232493
19190.625183101893,12.774535721659921
19191.625163571025,7.018721735155418
19192.625144040157,26.551837088064598
19193.625124509286,7.961847991895932
19194.62510497842,18.999641407084052
19195.62508544755,11.779598584014959
19196.625065916684,13.524058760750446
19197.625046385812,9.748416199362987
19198.625026854945,32.51348906538044
19199.625007324077,11.420762181754476
19200.62498779321,8.584475599393851
19201.62496826234,2.6534053709525134
19202.62494873147,9.55005811352442
19203.624929200603,5.805675532871583
19204.624909669736,8.9219324900281
19205.624890138864,1.0466344619749235
19206.624870607997,16.072610881220875
19207.62485107713,9.543426913698656
19208.624831546258,6.567272174317916
19209.62481201539,4.464827810730751
19210.624792484523,17.749706234666817
19211.624772953655,14.440810152185078
19212.624753422784,4.003359852586281
19213.624733891917,6.642088068944888
19214.62471436105,6.5670834674059675
19215.62469483018,13.509732145617324
19216.62467529931,9.963080288789333
19217.624655768443,10.514970788834592
19218.624636237575,7.207538000019962
19219.624616706707,10.300156972412903
19220.624597175836,20.534672930493173
19221.62457764497,19.58384104465619
19222.6245581141,7.433982921639672
19223.624538583234,8.515239116046272
19224.624519052362,0.5922751739343276
19225.624499521495,15.042101646432355
19226.624479990627,15.813215413735454
19227.624460459756,5.8520484255628284
19228.62444092889,6.24729867158354
19229.62442139802,1.2395964189417497
19230.624401867153,2.056443497493248
19231.624382336282,10.19511716882845
19232.624362805414,15.046411225793221
19233.624343274547,2.2048858342062294
19234.62432374368,7.97085675462887
19235.624304212808,7.681335536631864
19236.62428468194,10.409814836237302
19237.624265151073,1.280925528588925
19238.624245620205,19.71543715473835
19239.624226089334,10.114374265308928
19240.624206558467,12.464994058276051
19241.6241870276,10.07488042368533
19242.624167496728,16.294939925453573
19243.62414796586,9.962991658914952
19244.624128434993,17.229235017720946
19245.624108904125,11.056478384740421
19246.624089373254,28.38699020564174
19247.624069842386,9.7747135211176
19248.62405031152,13.697257999288713
19249.62403078065,1.6132885890311965
19250.62401124978,11.312945065066597
19251.623991718912,1.8389812742520133
19252.623972188045,19.464218071817857
19253.623952657177,4.378100665941028
19254.623933126306,13.870990977110209
19255.62391359544,7.8048449785379335
19256.62389406457,10.14161380476891
19257.623874533703,15.409470249989946
19258.623855002832,9.104205193925766
19259.623835471964,13.206573785815134
19260.623815941097,4.38597327632244
19261.623796410226,3.9752725052110267
19262.623776879358,5.758571668513772
19263.62375734849,17.02346741769167
19264.623737817623,8.166974053811627
19265.62371828675,11.154869563872875
19266.623698755884,4.231397699815945
19267.623679225017,13.847952851062425
19268.62365969415,12.676162747650364
19269.623640163278,14.487019988918338
19270.62362063241,7.988162357983889
19271.623601101543,9.365397655144152
19272.623581570675,9.221060541439982
19273.623562039804,10.1340287027237
19274.623542508936,9.635816890974066
19275.62352297807,14.24903338683791
19276.623503447197,13.413940595636667
19277.62348391633,4.748156125400155
19278.623464385462,8.397957042908795
19279.623444854595,9.703676624763764
19280.623425323723,12.745704991150594
19281.623405792856,13.380798069272357
19282.62338626199,14.445907055657488
19283.62336673112,2.183140078631435
19284.62334720025,0.4731773077443856
19285.623327669382,7.578401350342266
19286.623308138514,2.6554889284266827
19287.623288607647,17.794522364691282
19288.623269076776,7.818967433846146
19289.623249545908,15.507714617282307
19290.62323001504,8.606452925327957
19291.623210484173,11.450527208582507
19292.6231909533,18.09172481643898
19293.623171422434,7.16072363091467
19294.623151891567,6.437140125946822
19295.623132360695,8.853543942421684
19296.623112829828,5.493739845972858
19297.62309329896,1.9609209083467893
19298.623073768093,1.2954905302368949
19299.62305423722,10.479758566872185
19300.623034706354,8.360642355279714
19301.623015175486,10.162526878869484
19302.62299564462,7.451621242980812
19303.622976113747,3.343465987540769
19304.62295658288,2.7562789962002454
19305.622937052012,15.262400275948002
19306.622917521145,7.050143539069043
19307.622897990273,14.845704920568435
19308.622878459406,7.888996596450132
19309.62285892854,8.598182602597758
19310.622839397667,10.428322815457216
19311.6228198668,3.535652676804324
19312.622800335932,8.557109401712513
19313.622780805064,9.380350010491966
19314.622761274193,10.423648999828963
19315.622741743326,16.312904798113472
19316.622722212458,16.8552467685846
19317.62270268159,4.14548180657386
19318.62268315072,12.656625131073023
19319.62266361985,9.204759940874908
19320.622644088984,3.6169232006006844
19321.622624558117,16.15694988944356
19322.622605027245,5.896073946643883
19323.622585496378,8.629726321893044
19324.62256596551,36.50707212756453
19325.622546434643,9.353386778151728
19326.62252690377,20.364068321980543
19327.622507372904,5.401751289803343
19328.622487842036,15.386663479289215
19329.622468311165,20.283408077939985
19330.622448780297,15.822811740334531
19331.62242924943,13.913503342098707
19332.622409718562,21.357633717497528
19333.62239018769,9.834509655716646
19334.622370656823,27.437004185111487
19335.622351125956,15.63359565928847
19336.62233159509,11.516060403124422
19337.622312064217,20.20387641009177
19338.62229253335,6.691929070256274
19339.622273002482,10.599074763087746
19340.622253471614,29.655264742205528
19341.622233940743,10.662689276717233
19342.622214409876,14.955700738271165
19343.622194879008,11.248598071725661
19344.62217534814,11.678972906957508
19345.62215581727,8.169934113341073
19346.6221362864,5.21378321282192
19347.622116755534,19.17927749148736
19348.622097224663,5.951069082448044
19349.622077693795,14.416094257585291
19350.622058162928,14.658661506846078
19351.62203863206,7.733985384583175
19352.62201910119,7.890414363314464
19353.62199957032,4.04597424614695
19354.621980039454,9.558078037600511
19355.621960508586,23.778311607548392
19356.621940977715,12.80039162251252
19357.621921446847,8.291084839540238
19358.62190191598,15.10162032881456
19359.621882385112,7.905680991478012
19360.62186285424,7.5162642739864705
19361.621843323373,16.661834333414557
19362.621823792506,8.816245953682058
19363.621804261635,26.241186820522696
19364.621784730767,0.6204460527689277
19365.6217651999,8.485499464480938
19366.621745669032,9.880057651842002
19367.62172613816,15.914393695224511
19368.621706607293,4.646936112836712
19369.621687076426,8.615302980940516
19370.621667545558,12.544598892329724
19371.621648014687,6.30299674358784
19372.62162848382,12.31186960283312
19373.62160895295,4.604241865133197
19374.621589422084,11.259456479847783
19375.621569891213,2.7991323713898346
19376.621550360345,4.181410415409747
19377.621530829478,13.16083192414271
19378.62151129861,4.07768709334197
19379.62149176774,13.652103693568476
19380.62147223687,9.280644527021053
19381.621452706004,5.497248540540355
19382.621433175133,5.316359033486928
19383.621413644265,7.315424173563614
19384.621394113397,7.707656322196725
19385.62137458253,9.418799707732921
19386.62135505166,6.926159677130311
19387.62133552079,5.176461359116988
19388.621315989923,5.168250548234504
19389.621296459056,19.365542768837784
19390.621276928185,11.755874898648784
19391.621257397317,7.669493141771061
19392.62123786645,13.069973654918288
19393.621218335582,16.60298115395453
19394.62119880471,21.690944495176044
19395.621179273843,3.7016882076209496
19396.621159742976,12.779582559394425
19397.621140212104,3.8388893827156187
19398.621120681237,14.285002932434384
19399.62110115037,11.119119122860575
19400.6210816195,11.68004418359442
19401.62106208863,20.41000749387621
19402.621042557763,6.257632855541085
19403.621023026895,36.03269763895338
19404.621003496028,25.22023550800767
19405.620983965156,11.855126959347006
19406.62096443429,12.406794413389463
19407.62094490342,7.320544056304614
19408.620925372554,22.153286577036397
19409.620905841683,16.722274016373
19410.620886310815,12.862287039123244
19411.620866779947,8.890334947599504
19412.62084724908,5.631193454026171
19413.62082771821,8.982672886025325
19414.62080818734,13.006317259739365
19415.620788656473,5.7345355668087326
19416.620769125602,3.627109586571334
19417.620749594735,5.970152824889752
19418.620730063867,24.57152194465464
19419.620710533,5.514877696478081
19420.62069100213,8.689813350795438
19421.62067147126,4.244568671257196
19422.620651940393,5.192020601800085
19423.620632409526,6.191984894395787
19424.620612878654,12.52428117230064
19425.620593347787,20.90427361178802
19426.62057381692,20.362659601005777
19427.62055428605,10.595479180073117
19428.62053475518,13.245992420613062
19429.620515224313,4.508107383029809
19430.620495693445,13.826620130397622
19431.620476162578,9.300589188804517
19432.620456631706,20.57312324118367
19433.62043710084,6.511125933299458
19434.62041756997,5.299446657740512
19435.6203980391,2.1376601189968087
19436.620378508233,16.86324480733329
19437.620358977365,9.6483193081379
19438.620339446497,15.110871319237367
19439.620319915626,6.406790193120691
19440.62030038476,11.488847656729698
19441.62028085389,5.28815138862
19442.620261323023,3.9412399286861524
19443.620241792152,7.711827018708395
19444.620222261285,7.217640744164526
19445.620202730417,9.7939529982153
19446.62018319955,21.715801130431085
19447.62016366868,11.17519960768754
19448.62014413781,7.85619440542695
19449.620124606943,7.437836144083712
19450.620105076072,10.305703408714965
19451.620085545204,14.767849501240178
19452.620066014337,5.7911459571819845
19453.62004648347,11.420763906961382
19454.620026952598,13.71447176199038
19455.62000742173,14.070898910603555
19456.619987890863,1.030773013897227
19457.619968359995,22.580235622655774
19458.619948829124,6.791939220912468
19459.619929298256,18.03573087992006
19460.61990976739,8.319871474644776
19461.61989023652,13.283030406917582
19462.61987070565,3.744368129936887
19463.619851174783,10.866719771754973
19464.619831643915,9.80379151731352
19465.619812113047,16.488926600780648
19466.619792582176,1.0248511792630268
19467.61977305131,9.161331224104615
19468.61975352044,8.989665136860818
19469.61973398957,10.382324947629474
19470.619714458702,6.3577081178954975
19471.619694927835,13.965494660156686
19472.619675396967,10.075443381732908
19473.619655866096,15.910091814909112
19474.61963633523,13.250763637843653
19475.61961680436,10.479877134689847
19476.619597273493,12.846773969865513
19477.619577742622,8.054390480711078
19478.619558211754,8.622245407441978
19479.619538680887,13.270825357234747
19480.61951915002,16.805245760325963
19481.619499619148,12.18584787151311
19482.61948008828,5.51468655980803
19483.619460557413,11.348511935329034
19484.61944102654,5.4150749636093405
19485.619421495674,8.751109378672664
19486.619401964806,12.857326068937653
19487.61938243394,0.5953708098326267
19488.619362903068,11.87068439949648
19489.6193433722,10.788944961799013
19490.619323841333,7.037440458097251
19491.619304310465,10.692066423537907
19492.619284779594,9.390273624016942
19493.619265248726,8.640001386063577
19494.61924571786,5.810192949399112
19495.61922618699,3.7028040961620547
19496.61920665612,4.230625297232744
19497.619187125252,9.440123948063025
19498.619167594385,15.104964851212172
19499.619148063517,11.214305049680634
19500.619128532646,7.977201423162605
19501.61910900178,12.044701058642355
19502.61908947091,4.863133911238117
19503.61906994004,5.084268656678181
19504.619050409172,11.739039059191581
19505.619030878304,1.9223522325158475
19506.619011347437,3.808386387023371
19507.618991816566,4.012778577238277
19508.618972285698,8.370618749502384
19509.61895275483,1.2456429858897495
19510.618933223963,10.202833071549653
19511.61891369309,21.959975512586027
19512.618894162224,9.817926071713929
19513.618874631356,4.141998752071213
19514.61885510049,2.5289759244655534
19515.618835569618,5.676112996000757
19516.61881603875,7.33284323296122
19517.618796507883,5.815770353801141
19518.61877697701,1.742687531016969
19519.618757446144,11.071113379468708
19520.618737915276,14.619964359944786
19521.61871838441,7.143321487225839
19522.618698853537,1.1332524724257587
19523.61867932267,7.791143002486232
19524.618659791802,9.783710018565008
19525.618640260935,6.823606307138136
19526.618620730063,2.9943921136356293
19527.618601199196,8.469881837071089
19528.61858166833,3.0140088648737113
19529.61856213746,6.913424498967945
19530.61854260659,2.801580753500848
19531.618523075722,5.7040204061831465
19532.618503544854,9.703619873813663
19533.618484013987,8.923816808869415
19534.618464483116,8.151473265332081
19535.618444952248,3.459900329820216
19536.61842542138,5.4500011845542495
19537.61840589051,7.588480360491272
19538.61838635964,5.224572198379634
19539.618366828774,12.434842477494946
19540.618347297906,10.697002624269226
19541.618327767035,6.0721063140222284
19542.618308236168,11.975918148036069
19543.6182887053,1.3900710679910977
19544.618269174432,10.294472725874316
19545.61824964356,6.610122726541495
19546.618230112694,9.873961492526584
19547.618210581826,11.998903321563139
19548.61819105096,6.948653994520271
19549.618171520087,5.462590080353886
19550.61815198922,3.3790238708002516
19551.618132458352,5.703765635978687
19552.618112927485,6.583844320530075
19553.618093396613,7.651442176577962
19554.618073865746,8.255067057545903
19555.61805433488,14.473244984301697
19556.618034804007,7.032156627693308
19557.61801527314,10.098118582841115
19558.617995742272,5.380276084967825
19559.617976211404,1.9851143006418333
19560.617956680533,16.201579576238988
19561.617937149666,11.741955971108533
19562.617917618798,8.618838014894903
19563.61789808793,2.594643711361771
19564.61787855706,6.111150885093877
19565.61785902619,12.55039530775298
19566.617839495324,17.76664800533318
19567.617819964456,13.632904136305148
19568.617800433585,8.813552711866752
19569.617780902718,4.790721801651453
19570.61776137185,4.4567821834927575
19571.61774184098,10.354422251963594
19572.61772231011,10.46152978939224
19573.617702779244,7.357323370559298
19574.617683248376,11.6897855364408
19575.617663717505,4.985561079488629
19576.617644186637,8.607275495092287
19577.61762465577,11.557607064045667
19578.617605124902,4.889414950184393
19579.61758559403,10.039112529350632
19580.617566063163,7.886348997157953
19581.617546532296,11.216414315555099
19582.61752700143,4.117983284344615
19583.617507470557,12.00999079929888
19584.61748793969,5.2307319037787865
19585.617468408822,7.371209559596387
19586.617448877954,4.766893958962342
19587.617429347083,5.942627432452459
19588.617409816216,1.975219126217096
19589.617390285348,8.187209486494467
19590.617370754477,5.379750378193928
19591.61735122361,12.458962104591173
19592.61733169274,8.62490955035052
19593.617312161874,2.005127159217462
19594.617292631003,7.0778194336351135
19595.617273100135,3.3924122322092365
19596.617253569268,6.876546734290457
19597.6172340384,19.506560699014976
19598.61721450753,10.092566207842037
19599.61719497666,11.858892539759104
19600.617175445794,7.862045633691395
19601.617155914926,6.638114254048557
19602.617136384055,5.847790470162358
19603.617116853187,2.517806070105503
19604.61709732232,4.499490197161768
19605.61707779145,2.9588321533793414
19606.61705826058,10.866308568680957
19607.617038729713,9.567574922195414
19608.617019198846,10.066354752848788
19609.616999667975,7.901241060846495
19610.616980137107,24.869987780042486
19611.61696060624,4.105046840112012
19612.616941075372,5.035281446427811
19613.6169215445,12.159806647764983
19614.616902013633,4.04171426076614
19615.616882482766,1.5130856925500176
19616.616862951898,12.805087617538005
19617.616843421027,4.631231524728307
19618.61682389016,10.253576815816691
19619.61680435929,3.6371781940984405
19620.616784828424,7.071046112088127
19621.616765297553,7.046343565459609
19622.616745766685,3.7486752549918174
19623.616726235818,17.53275799438221
19624.616706704946,2.5605652548493847
19625.61668717408,8.742974629169113
19626.61666764321,3.326401698985381
19627.616648112344,8.931339602163265
19628.616628581472,5.429103523947066
19629.616609050605,5.94311275037947
19630.616589519737,3.609157246010884
19631.61656998887,4.617927668857569
19632.616550458,7.393964028083461
19633.61653092713,3.6432173892455264
19634.616511396263,2.0626344179282947
19635.616491865396,5.043922892066751
19636.616472334525,5.330148097755004
19637.616452803657,5.440897489478611
19638.61643327279,6.9479272887972074
19639.616413741922,2.1004368354199525
19640.61639421105,4.227791901384563
19641.616374680183,8.459632979273373
19642.616355149315,5.611526615528367
19643.616335618444,4.850263568261771
19644.616316087577,7.301486499001901
19645.61629655671,11.47052178154978
19646.61627702584,2.302660654776725
19647.61625749497,3.624899944477238
19648.616237964103,2.636396939034488
19649.616218433235,6.688457983682076
19650.616198902368,9.68646143545217
19651.616179371496,3.297871596958883
19652.61615984063,2.156416090650951
19653.61614030976,6.138603276693003
19654.616120778894,1.9232319488894367
19655.616101248022,4.019095297386139
19656.616081717155,5.8986720765690785
19657.616062186287,5.476117878552605
19658.616042655416,3.2337477469095504
19659.61602312455,4.040800519189839
19660.61600359368,1.6938977229537313
19661.615984062813,5.799401432879187
19662.615964531942,8.611271785602494
19663.615945001075,5.852597706711302
19664.615925470207,5.500539827916775
19665.61590593934,6.269340093521954
19666.61588640847,5.15761918907611
19667.6158668776,3.311082218470746
19668.615847346733,6.196371839867652
19669.615827815865,8.323886282448312
19670.615808284994,1.407583271773897
19671.615788754127,4.8860689069408325
19672.61576922326,2.9228381109912425
19673.61574969239,7.980323040369705
19674.61573016152,2.5977569288191287
19675.615710630653,11.083843164234496
19676.615691099785,8.428660147431943
19677.615671568914,1.2399110714003265
19678.615652038046,7.9280787639168935
19679.61563250718,12.158062381069875
19680.61561297631,2.9801648190427015
19681.61559344544,5.143708461400803
19682.615573914572,12.032833742593697
19683.615554383705,9.936999361533083
19684.615534852837,6.600526727199394
19685.615515321966,5.873832465443575
19686.6154957911,7.445189783950231
19687.61547626023,8.413289884162348
19688.615456729363,9.38037514537495
19689.615437198492,7.821331300896655
19690.615417667625,4.1538692773017605
19691.615398136757,9.787841870393303
19692.615378605886,15.389098940999551
19693.61535907502,8.165113407328283
19694.61533954415,3.004876732740921
19695.615320013283,9.066794757167997
19696.615300482412,10.923347652152119
19697.615280951544,20.397785596168053
19698.615261420677,7.506696278855338
19699.61524188981,7.654534547647659
19700.615222358938,7.095519521200511
19701.61520282807,6.028668362700498
19702.615183297203,2.031809242660361
19703.615163766335,10.15560150511901
19704.615144235464,5.48647488905966
19705.615124704596,5.916174460862335
19706.61510517373,1.067476622426925
19707.61508564286,9.284591946127703
19708.61506611199,5.846703744335222
19709.615046581122,10.851941632843495
19710.615027050255,10.741162684797855
19711.615007519384,8.951235095221788
19712.614987988516,5.245427763608862
19713.61496845765,9.319704291087854
19714.61494892678,3.049171728187363
19715.61492939591,1.3425239826089035
19716.614909865042,11.364411117878083
19717.614890334175,7.296476024589938
19718.614870803307,4.301225988882124
19719.614851272436,2.685990538012584
19720.61483174157,11.470793563796525
19721.6148122107,5.790421609966611
19722.614792679833,9.867796675965156
19723.614773148962,2.367896327822621
19724.614753618094,9.811322373485504
19725.614734087227,8.508378081075534
19726.614714556355,14.94629209455414
19727.614695025488,14.219139549551866
19728.61467549462,21.045742539627945
19729.614655963753,8.456628580665349
19730.61463643288,5.6027296914152895
19731.614616902014,11.178412154073216
19732.614597371146,14.198635175329224
19733.61457784028,12.76131905292038
19734.614558309408,7.335499732710275
19735.61453877854,11.57768401278757
19736.614519247672,6.399886117515661
19737.614499716805,21.460748934912967
19738.614480185934,11.176433787692224
19739.614460655066,9.110697914733832
19740.6144411242,4.975003694254307
19741.61442159333,4.742833058863574
19742.61440206246,6.952281237580826
19743.614382531592,9.118054193708476
19744.614363000725,7.075967126762549
19745.614343469853,5.282888467408637
19746.614323938986,5.954810346492077
19747.61430440812,4.754079333763274
19748.61428487725,2.4516913234340842
19749.61426534638,3.9869594397568284
19750.614245815512,7.788262396380224
19751.614226284644,8.922815613694675
19752.614206753777,13.467097168037306
19753.614187222905,10.13052354965037
19754.614167692038,8.824815253680718
19755.61414816117,9.671156776559764
19756.614128630303,13.269198665354285
19757.61410909943,5.884786221809344
19758.614089568564,15.782383255259358
19759.614070037696,8.72340095302316
19760.61405050683,7.070653208021812
19761.614030975958,1.8657007940642163
19762.61401144509,1.5549230757070585
19763.613991914222,4.249483687049806
19764.61397238335,4.188655999052168
19765.613952852484,2.356006308218902
19766.613933321616,3.6902421280680953
19767.61391379075,10.850927113960724
19768.613894259877,7.023144768018426
19769.61387472901,11.955589418785987
19770.613855198142,7.980019514535897
19771.613835667275,9.980725212138054
19772.613816136403,10.905854023084299
19773.613796605536,1.779734495789097
19774.613777074668,10.525952761538312
19775.6137575438,9.028668788383714
19776.61373801293,2.027989832205692
19777.61371848206,3.0404654495874355
19778.613698951194,7.103814479414251
19779.613679420323,11.498300373403872
19780.613659889455,8.715391639094793
19781.613640358588,11.241937416456123
19782.61362082772,7.35035900023537
19783.61360129685,3.919415316602899
19784.61358176598,8.63211448320498
19785.613562235114,5.372278438461596
19786.613542704246,4.4167393228742915
19787.613523173375,2.5004110397288546
19788.613503642508,5.388816308374824
19789.61348411164,2.603030289311849
19790.613464580772,11.181093348094556
19791.6134450499,7.4639896992189065
19792.613425519034,4.4786764133602555
19793.613405988166,7.113581877643899
19794.6133864573,7.849865179707787
19795.613366926427,8.742116395849798
19796.61334739556,12.740210710623625
19797.613327864692,1.7446391329134234
19798.61330833382,4.722863041368438
19799.613288802953,11.598566001133628
19800.613269272086,11.143405641568862
19801.613249741218,3.8309176723308505
19802.613230210347,4.3984260988600195
19803.61321067948,1.9872220310512743
19804.61319114861,12.484781001523572
19805.613171617744,9.368271750995602
19806.613152086873,17.204727239605905
19807.613132556005,6.52004662313758
19808.613113025138,5.102142032084895
19809.61309349427,3.2852669359001427
19810.6130739634,9.01959941821095
19811.61305443253,6.834430160708869
19812.613034901664,5.378252100759774
19813.613015370793,5.26508591026526
19814.612995839925,8.621100597170498
19815.612976309058,10.277404929067908
19816.61295677819,2.888848726422529
19817.61293724732,4.569009774713402
19818.61291771645,6.7270042653037345
19819.612898185584,13.096344092601534
19820.612878654716,3.5063077663230877
19821.612859123845,6.917811536947137
19822.612839592977,10.829819255910028
19823.61282006211,5.13020338738513
19824.612800531242,13.21590428395827
19825.61278100037,7.765244512279998
19826.612761469503,7.643329112370083
19827.612741938636,10.558676340467903
19828.612722407768,9.906269890946716
19829.612702876897,7.565453728879314
19830.61268334603,6.0088404755109295
19831.61266381516,5.280741616520886
19832.61264428429,6.91964658826058
19833.612624753423,9.00626854027867
19834.612605222555,4.410092135803506
19835.612585691688,12.018026964590028
19836.612566160817,11.293428317292566
19837.61254662995,5.897783962466031
19838.61252709908,5.980749508334506
19839.612507568214,4.785013504336689
19840.612488037343,8.731195808131783
19841.612468506475,11.134452957958146
19842.612448975608,4.882070726762496
19843.61242944474,12.160166133483683
19844.61240991387,5.944051857501356
19845.612390383,8.13617577991409
19846.612370852134,3.0864793269997968
19847.612351321262,11.487161761867707
19848.612331790395,2.9572603347421564
19849.612312259527,4.369590672807841
19850.61229272866,14.572285583131473
19851.61227319779,7.94190637034745
19852.61225366692,8.226500669042615
19853.612234136053,7.6026643995284
19854.612214605186,13.182909435961594
19855.612195074315,19.058927737499207
19856.612175543447,5.800072864382554
19857.61215601258,8.832443223757494
19858.61213648171,1.3870370967688397
19859.61211695084,5.190189423704849
19860.612097419973,6.023908572865841
19861.612077889105,5.9692464042575235
19862.612058358238,8.555718721218266
19863.612038827367,1.748237171101499
19864.6120192965,5.804686518843617
19865.61199976563,3.46857828021533
19866.61198023476,3.743029178087132
19867.611960703893,2.6361845760762104
19868.611941173025,13.117163387781407
19869.611921642158,3.1512414160893187
19870.611902111286,9.00963984296816
19871.61188258042,1.9819017371008456
19872.61186304955,7.009336859041686
19873.611843518684,3.422430131252226
19874.611823987812,9.80974828565726
19875.611804456945,11.508059354208816
19876.611784926077,9.661315491862302
19877.61176539521,8.07019759697675
19878.61174586434,9.504324009665849
19879.61172633347,2.6979021186343926
19880.611706802603,13.07606623494888
19881.611687271736,6.355645476363481
19882.611667740865,2.605984681906447
19883.611648209997,5.941724342519785
19884.61162867913,15.888727168785659
19885.611609148258,9.83739420944007
19886.61158961739,7.4147611422722175
19887.611570086523,4.087886934924277
19888.611550555655,9.387182474946252
19889.611531024784,1.9640388222557317
19890.611511493917,6.598858582713839
19891.61149196305,9.902077494138533
19892.61147243218,4.027325606934391
19893.61145290131,7.308342361649436
19894.611433370443,10.150747259813176
19895.611413839575,9.335880798706965
19896.611394308708,12.925686926221383
19897.611374777836,5.562188837785844
19898.61135524697,2.5591742593567197
19899.6113357161,1.8187571889419407
19900.61131618523,1.4744383354980517
19901.611296654362,11.701618102930238
19902.611277123495,8.20801071529238
19903.611257592627,10.473216653224815
19904.611238061756,12.323551486758541
19905.61121853089,16.843714653192357
19906.61119900002,2.8294239397175263
19907.611179469153,5.53455148472229
19908.611159938282,9.01636640149501
19909.611140407414,3.8667283924941636
19910.611120876547,1.305360253170975
19911.61110134568,9.223720938700342
19912.611081814808,6.3702404885497605
19913.61106228394,5.990310626368327
19914.611042753073,3.3098338978684136
19915.611023222205,7.714725501275327
19916.611003691334,8.647624185364526
19917.610984160467,9.849223219499775
19918.6109646296,9.21841243167927
19919.610945098728,5.574963819735912
19920.61092556786,5.237556712284881
19921.610906036993,3.8433964140779415
19922.610886506125,6.341651900657293
19923.610866975254,6.979715278857813
19924.610847444386,7.303599335609594
19925.61082791352,6.8176889632436035
19926.61080838265,9.694223439228393
19927.61078885178,11.571897073619848
19928.610769320912,18.83569987150668
19929.610749790045,4.251626784847262
19930.610730259177,14.044362179795604
19931.610710728306,11.867197054828617
19932.61069119744,10.948137798760865
19933.61067166657,15.277800243128219
19934.6106521357,5.757305780570435
19935.610632604832,8.188880293219409
19936.610613073964,6.1026401203961
19937.610593543097,9.488653575462873
19938.610574012226,7.979132719003774
19939.610554481358,2.7162182741601564
19940.61053495049,4.579640808917427
19941.610515419623,8.115226555034864
19942.61049588875,5.132783804859519
19943.610476357884,7.793750578030654
19944.610456827017,5.807211489330602
19945.61043729615,23.453230382291327
19946.610417765278,5.8033041632214495
19947.61039823441,10.570580169118339
19948.610378703543,9.046224501659891
19949.610359172675,13.896920515414859
19950.610339641804,5.231517222919792
19951.610320110936,19.415970615802177
19952.61030058007,12.269995781212614
19953.610281049198,2.583418441090599
19954.61026151833,3.729624249457826
19955.610241987462,16.125975538809396
19956.610222456595,8.547177261883597
19957.610202925724,9.674375676237746
19958.610183394856,13.781520236761933
19959.61016386399,9.667094171033886
19960.61014433312,14.57874814497231
19961.61012480225,9.99769850635564
19962.610105271382,12.301915575883973
19963.610085740514,7.6493919485119894
19964.610066209647,8.455860155451731
19965.610046678776,5.4768569747361475
19966.610027147908,14.791760948828228
19967.61000761704,11.153730562524528
19968.609988086173,9.16149844981326
19969.6099685553,9.699968274499163
19970.609949024434,6.028048935877308
19971.609929493567,3.8189334251454383
19972.609909962695,5.246613559747292
19973.609890431828,7.46099360561635
19974.60987090096,8.307848070245448
19975.609851370093,6.670177521139952
19976.60983183922,8.636325617239489
19977.609812308354,11.788998049744333
19978.609792777486,5.125417606201191
19979.60977324662,14.182641124561265
19980.609753715748,7.951440262583074
19981.60973418488,5.922203157456097
19982.609714654012,6.714570178347473
19983.609695123145,4.788208337594138
19984.609675592274,4.578037851961706
19985.609656061406,1.6088861700331987
19986.60963653054,2.194009960313135
19987.609616999667,10.68699707457992
19988.6095974688,6.098198290180365
19989.609577937932,13.322311328446862
19990.609558407064,10.303373223216136
19991.609538876193,6.795520386874883
19992.609519345326,4.5539119421287975
19993.609499814458,6.631994136294926
19994.60948028359,10.070454909809483
19995.60946075272,5.746372980148395
19996.60944122185,5.011584014221194
19997.609421690984,3.0838391686138005
19998.609402160117,5.189828339275647
19999.609382629245,8.253038414226603
20000.609363098378,3.7819603055862676
20001.60934356751,13.192243927595742
20002.609324036643,10.050881202233967
20003.60930450577,11.681124092692958
20004.609284974904,12.88104282654778
20005.609265444036,9.565849298602652
20006.609245913165,12.614636441988717
20007.609226382297,10.297803858420663
20008.60920685143,4.574987146055444
20009.609187320562,6.778860282612105
20010.60916778969,16.60144283043352
20011.609148258824,0.9086395651367373
20012.609128727956,8.76632001184057
20013.60910919709,7.432659147081953
20014.609089666217,4.349083587661425
20015.60907013535,15.467050720044854
20016.609050604482,0.5452999259075499
20017.609031073614,3.148420340800978
20018.609011542743,14.267676252485026
20019.608992011876,3.0726080726363505
20020.608972481008,2.025426993685534
20021.608952950137,4.983537914644918
20022.60893341927,1.6628408195155873
20023.6089138884,6.678724072421121
20024.608894357534,3.0043828202681637
20025.608874826663,3.4900681545859014
20026.608855295795,2.681742218450812
20027.608835764928,6.449105134426854
20028.60881623406,3.0972194022387054
20029.60879670319,12.123213411423624
20030.60877717232,2.681933657774388
20031.608757641454,14.70704289284747
20032.608738110586,11.889401303113338
20033.608718579715,6.885059575447106
20034.608699048847,11.971729086772289
20035.60867951798,20.861973662969536
20036.608659987112,6.783619881190516
20037.60864045624,3.045000983190717
20038.608620925374,9.776010211358933
20039.608601394506,14.013565759334385
20040.608581863635,3.8222326308834336
20041.608562332767,22.421099019493624
20042.6085428019,20.084783679788302
20043.608523271032,12.753856105665161
20044.60850374016,10.573110578530384
20045.608484209293,4.996810946317381
20046.608464678426,20.556228464362235
20047.608445147558,8.417411401002452
20048.608425616687,18.902507511153
20049.60840608582,12.57151366591252
20050.60838655495,5.330321435004244
20051.608367024084,7.860421685389223
20052.608347493213,5.906084369367878
20053.608327962345,11.194714745682054
20054.608308431478,3.7118987426163934
20055.608288900607,2.334269616977909
20056.60826936974,7.946210411282116
20057.60824983887,12.202902550334056
20058.608230308004,16.385001269310365
20059.608210777133,3.10534656433647
20060.608191246265,7.6458914014008394
20061.608171715397,6.4888332822631885
20062.60815218453,5.212008693245849
20063.60813265366,15.666134618473006
20064.60811312279,4.106724654340934
20065.608093591924,5.647149202968696
20066.608074061056,5.202802205969939
20067.608054530185,8.051321476274584
20068.608034999317,12.629810740146304
20069.60801546845,15.21203800694207
20070.607995937582,8.317871636647087
20071.60797640671,0.8386031718937345
20072.607956875843,6.119651004093943
20073.607937344976,8.75759544755492
20074.607917814104,7.760288074661476
20075.607898283237,2.5983054719985916
20076.60787875237,3.0598482857649603
20077.6078592215,5.465194522836645
20078.60783969063,1.8170084231436527
20079.607820159763,2.4953865865520024
20080.607800628895,3.662340885143144
20081.607781098028,4.283320865651165
20082.607761567157,2.3635694570260313
20083.60774203629,1.0410051791093946
20084.60772250542,5.253432328406173
20085.607702974554,6.619853993225791
20086.607683443683,2.998460778155077
20087.607663912815,3.8101718906002673
20088.607644381947,2.5847495501795357
20089.60762485108,3.5605615607468675
20090.60760532021,8.50726749332015
20091.60758578934,7.339771984874769
20092.607566258474,1.508154461992031
20093.607546727602,14.569497575853537
20094.607527196735,5.019954498214307
20095.607507665867,7.53664301814088
20096.607488135,7.324904907903112
20097.60746860413,4.488836602884464
20098.60744907326,4.816129532630277
20099.607429542393,4.412713077459251
20100.607410011526,4.339913542194745
20101.607390480654,1.5998781527254553
20102.607370949787,2.5573665631941576
20103.60735141892,9.096649852369817
20104.60733188805,4.671630533055796
20105.60731235718,9.068414686259636
20106.607292826313,12.231910283877612
20107.607273295445,7.365936246570442
20108.607253764574,5.583094341637758
20109.607234233707,4.8869924279901875
20110.60721470284,10.10978743947751
20111.60719517197,9.977414632972685
20112.6071756411,20.935856256006332
20113.607156110233,6.308068913775757
20114.607136579365,3.6320861806611857
20115.607117048497,4.16971971908358
20116.607097517626,6.0932312851754595
20117.60707798676,5.602701089048606
20118.60705845589,8.354982462549449
20119.607038925024,13.921164605551837
20120.607019394152,8.446740828678102
20121.606999863285,3.7724425564514656
20122.606980332417,6.879277249420233
20123.60696080155,3.0868406389350507
20124.60694127068,17.56308928494055
20125.60692173981,5.538788287483315
20126.606902208943,8.731881386352619
20127.606882678072,3.3862438995704416
20128.606863147204,4.608457463006969
20129.606843616337,7.957851433166538
20130.60682408547,2.5915133852786436
20131.606804554598,5.793890302812141
20132.60678502373,4.790197242008595
20133.606765492863,5.985925518194808
20134.606745961995,5.285105660506426
20135.606726431124,5.283804753339034
20136.606706900257,5.678278249376617
20137.60668736939,11.55193489158237
20138.60666783852,5.767564080710029
20139.60664830765,4.342279403461796
20140.606628776783,2.824964340933815
20141.606609245915,8.120906450439934
20142.606589715044,12.085021793930279
20143.606570184176,5.335766638889789
20144.60655065331,15.298047984399066
20145.60653112244,7.021125180887292
20146.60651159157,10.847773787254646
20147.606492060702,3.454162449115013
20148.606472529835,4.0803615563074285
20149.606452998967,6.807039061727945
20150.606433468096,6.4389534795317305
20151.60641393723,10.267447033251072
20152.60639440636,3.0274678860864555
20153.606374875493,11.966785729929834
20154.606355344622,2.5526482052374546
20155.606335813754,9.224208864154248
20156.606316282887,3.9401187975225325
20157.60629675202,2.476698329804362
20158.606277221148,13.49549218921661
20159.60625769028,7.083104965665356
20160.606238159413,1.9348483124998017
20161.60621862854,4.166103191219822
20162.606199097674,14.189015319128314
20163.606179566807,9.37365947536086
20164.60616003594,11.359642787181674
20165.606140505068,6.7454909477235105
20166.6061209742,6.01146278281364
20167.606101443333,6.926084396093532
20168.606081912465,12.687290133746886
20169.606062381594,4.762636176297881
20170.606042850726,19.19629979653671
20171.60602331986,7.38395389371913
20172.60600378899,2.22630109094245
20173.60598425812,1.4426566244608885
20174.605964727252,6.704356387761006
20175.605945196385,10.404552574987335
20176.605925665513,14.474613709071443
20177.605906134646,3.4226327725140098
20178.60588660378,7.630463571491665
20179.60586707291,5.668196913405469
20180.60584754204,5.491354963751226
20181.605828011172,3.049122827703648
20182.605808480304,3.540865803550518
20183.605788949437,1.7480179519065882
20184.605769418566,4.151182003679742
20185.605749887698,6.895200038625852
20186.60573035683,3.0327163521195186
20187.605710825963,9.970997560230163
20188.60569129509,2.266762712297659
20189.605671764224,2.948705340781612
20190.605652233357,8.818679159849172
20191.60563270249,8.691793916459023
20192.605613171618,7.127533248363992
20193.60559364075,1.5881706627976382
20194.605574109883,11.193737511535948
20195.60555457901,2.3917615622467583
20196.605535048144,9.267234070358151
20197.605515517276,3.563522775541432
20198.60549598641,3.9498715920843783
20199.605476455537,15.427909368917714
20200.60545692467,16.10257900390981
20201.605437393802,3.0186378097266293
20202.605417862935,4.58443985009102
20203.605398332063,6.30431253503817
20204.605378801196,9.332599197517334
20205.60535927033,3.053933489435526
20206.60533973946,5.690097842496878
20207.60532020859,6.273937868817882
20208.605300677722,11.14317569375532
20209.605281146854,7.077887450783575
20210.605261615987,8.399523138912535
20211.605242085116,10.474851000082252
20212.605222554248,1.889390196771371
20213.60520302338,6.158704184740139
20214.60518349251,3.27551041539394
20215.60516396164,4.794490280354825
20216.605144430774,2.6336451972590598
20217.605124899907,4.979953824091955
20218.605105369035,5.370718759058586
20219.605085838168,0.7401686548139627
20220.6050663073,1.463908163483351
20221.605046776433,3.2158240439098975
20222.60502724556,8.055700896717969
20223.605007714694,7.229999285087289
20224.604988183826,3.636614799845155
20225.60496865296,3.6922206653545113
20226.604949122087,10.817712072050652
20227.60492959122,0.798653757634977
20228.604910060352,8.338093568979055
20229.60489052948,4.170671880025956
20230.604870998613,2.1012735743802264
20231.604851467746,7.171122169534611
20232.60483193688,10.427281713460165
20233.604812406007,3.1583285267877703
20234.60479287514,2.474080421034182
20235.604773344272,3.787417039971006
20236.604753813404,7.034665608745088
20237.604734282533,6.572273609836423
20238.604714751666,6.3791796466100354
20239.604695220798,4.712376452559188
20240.60467568993,10.39989365651386
20241.60465615906,4.512826542602798
20242.60463662819,6.339318622011335
20243.604617097324,7.172257845383014
20244.604597566457,3.624634900640362
20245.604578035585,5.771267045039476
20246.604558504718,9.096627020863624
20247.60453897385,4.405527545059458
20248.60451944298,4.2109371228255466
20249.60449991211,8.026491002891014
20250.604480381244,2.714799407813023
20251.604460850376,6.0528230481977365
20252.604441319505,7.540763793930802
20253.604421788637,5.6700509775209715
20254.60440225777,4.39073124621914
20255.604382726902,2.7271143972444576
20256.60436319603,4.306162560274064
20257.604343665163,3.8643844165357293
20258.604324134296,3.1328243022507962
20259.60430460343,5.9189650874138735
20260.604285072557,2.6194950056770043
20261.60426554169,4.934395912805245
20262.604246010822,0.8151604841422868
20263.60422647995,7.881534086769183
20264.604206949083,3.3598838991122633
20265.604187418216,5.71257621450708
20266.604167887348,3.0117096284065195
20267.604148356477,2.4022637180608086
20268.60412882561,6.831358846290169
20269.60410929474,6.52764731987865
20270.604089763874,1.6410845819864635
20271.604070233003,2.5965789659118785
20272.604050702135,4.639752624136175
20273.604031171268,5.511917004163733
20274.6040116404,4.2874814620603
20275.60399210953,10.090165621615371
20276.60397257866,7.366446962602273
20277.603953047794,0.5578627695653542
20278.603933516926,12.264954852599391
20279.603913986055,8.252094548023384
20280.603894455187,3.4711112573163287
20281.60387492432,3.426932632178557
20282.60385539345,3.1956568834081294
20283.60383586258,6.668174967069086
20284.603816331713,4.9731528330600385
20285.603796800846,3.4388515114097826
20286.603777269975,2.7070886618275902
20287.603757739107,5.018643111163148
20288.60373820824,3.2450248726777753
20289.603718677372,5.522246778810904
20290.6036991465,5.213072700941221
20291.603679615633,3.251849727576758
20292.603660084766,7.118496250399642
20293.603640553898,1.9654862788422256
20294.603621023027,5.888678657534125
20295.60360149216,1.546918005767708
20296.60358196129,3.004139236471511
20297.603562430424,6.684850853675727
20298.603542899553,1.4829263023353227
20299.603523368685,5.592971415189138
20300.603503837818,8.89356994553652
20301.603484306946,2.2424786722196375
20302.60346477608,9.090929808796878
20303.60344524521,7.484340785689243
20304.603425714344,6.280703786656327
20305.603406183473,6.401137323689813
20306.603386652605,11.593162746703438
20307.603367121737,8.08467364058992
20308.60334759087,2.981439311636698
20309.60332806,11.162454285708952
20310.60330852913,9.42591765559773
20311.603288998263,4.179460654175853
20312.603269467396,5.711265591541559
20313.603249936525,2.6224598677274984
20314.603230405657,7.953462889949702
20315.60321087479,8.156098492402496
20316.60319134392,6.1657724496084025
20317.60317181305,6.902684056711265
20318.603152282183,5.9795391097939214
20319.603132751316,5.740172540410885
20320.603113220444,1.9552712083880774
20321.603093689577,4.809529317179204
20322.60307415871,7.089831072242784
20323.60305462784,7.704161418523539
20324.60303509697,2.987662118146577
20325.603015566103,1.3361252077538552
20326.602996035235,7.179338493375676
20327.602976504368,4.243906292109572
20328.602956973496,6.439946249567533
20329.60293744263,8.805913522670277
20330.60291791176,2.7890372246250763
20331.602898380894,5.948120469935531
20332.602878850023,6.003881684590008
20333.602859319155,8.658844746111798
20334.602839788287,1.4669319815975665
20335.602820257416,3.3342772543695456
20336.60280072655,5.822368417428406
20337.60278119568,5.8341649046236315
20338.602761664813,6.732484489393182
20339.602742133942,3.192738423147345
20340.602722603075,3.9026580869364915
20341.602703072207,5.1862085434563845
20342.60268354134,11.914207845963968
20343.60266401047,5.411904076321962
20344.6026444796,8.759986985795711
20345.602624948733,11.58404684499402
20346.602605417866,5.237382207176862
20347.602585886994,6.037045606405629
20348.602566356127,4.713524539988994
20349.60254682526,4.104888232590402
20350.602527294388,3.7824634298098077
20351.60250776352,5.3199720744608525
20352.602488232653,1.9921029220646969
20353.602468701785,4.098532135302573
20354.602449170914,1.2718270986201194
20355.602429640046,4.685663586879319
20356.60241010918,7.160366720746373
20357.60239057831,5.554968057208218
20358.60237104744,7.941499008305425
20359.602351516573,2.372483387458843
20360.602331985705,6.253209787222107
20361.602312454837,1.4662071394925984
20362.602292923966,6.306162616754427
20363.6022733931,6.191629680704194
20364.60225386223,2.385752697560257
20365.602234331363,3.0559074935268415
20366.602214800492,3.707847513979793
20367.602195269625,1.482658989583564
20368.602175738757,3.3035380329192825
20369.602156207886,4.295019335623738
20370.60213667702,4.341383528599462
20371.60211714615,6.870671254442604
20372.602097615283,13.48865663551197
20373.602078084412,7.836698601541888
20374.602058553544,8.414714468467363
20375.602039022677,10.158477647015129
20376.60201949181,2.204217806591267
20377.601999960938,3.3697166501229994
20378.60198043007,8.342120688664973
20379.601960899203,6.045337112433314
20380.601941368335,9.357923762112655
20381.601921837464,4.516580436852354
20382.601902306596,17.041962292817338
20383.60188277573,5.328779202814292
20384.601863244858,16.986911859045396
20385.60184371399,4.755716674513882
20386.601824183123,7.774018183010912
20387.601804652255,12.224926474524446
20388.601785121384,9.99310731997762
20389.601765590516,9.493762607651382
20390.60174605965,6.575743507986896
20391.60172652878,6.167217055423328
20392.60170699791,4.943322052047269
20393.601687467042,3.6699954979956724
20394.601667936175,10.93241567887871
20395.601648405307,3.0475623089964547
20396.601628874436,6.162331269714367
20397.60160934357,0.8406879685165292
20398.6015898127,6.788091345605922
20399.601570281833,8.679025563605006
20400.601550750962,1.7249173173236467
20401.601531220094,12.464234369820499
20402.601511689227,8.757992223870025
20403.601492158356,10.376966289258515
20404.601472627488,0.6417703216272043
20405.60145309662,12.202357063429751
20406.601433565753,12.073074862098894
20407.60141403488,4.004399064641016
20408.601394504014,8.079155689954579
20409.601374973146,3.954504131236454
20410.60135544228,2.928606105887186
20411.601335911408,13.162570602856734
20412.60131638054,6.162643940323764
20413.601296849673,2.264215196919408
20414.601277318805,0.29358796680174254
20415.601257787934,4.180954688608365
20416.601238257066,4.683691279992367
20417.6012187262,3.846645664685306
20418.60119919533,5.817606838567701
20419.60117966446,10.580739788812297
20420.601160133592,5.234051416021783
20421.601140602725,7.804640688338049
20422.601121071853,0.9293831069049777
20423.601101540986,6.3932005257404505
20424.60108201012,15.564325905090675
20425.60106247925,6.8335305507366355
20426.60104294838,7.969457075551586
20427.601023417512,5.54885752190152
20428.601003886644,4.7496183895074156
20429.600984355777,6.3706980674391085
20430.600964824906,7.048317889541852
20431.600945294038,4.257305729587635
20432.60092576317,8.430302837895207
20433.600906232303,6.738586205683904
20434.60088670143,1.7347420753708807
20435.600867170564,8.335025896648679
20436.600847639696,5.889718608639657
20437.600828108825,3.5441951997125494
20438.600808577958,6.16106027195694
20439.60078904709,8.204415462300327
20440.600769516222,6.035124083218658
20441.60074998535,5.999897342648285
20442.600730454484,2.0109098364824023
20443.600710923616,5.712016474113453
20444.60069139275,3.3206875318166524
20445.600671861877,11.715169433327594
20446.60065233101,7.878980851123261
20447.600632800142,5.681836262884368
20448.600613269275,1.1676221492034358
20449.600593738403,1.9061140958676115
20450.600574207536,6.518254982671673
20451.60055467667,7.829751488526523
20452.6005351458,8.50887676307361
20453.60051561493,2.9913441569736867
20454.600496084062,1.7666277817454865
20455.600476553194,3.756362720170916
20456.600457022323,7.361107243220154
20457.600437491456,5.447205602221706
20458.600417960588,1.868686344340018
20459.60039842972,7.0018845118918565
20460.60037889885,5.775939737877007
20461.60035936798,1.8328656420370355
20462.600339837114,3.555900248134468
20463.600320306246,6.585628703541417
20464.600300775375,2.6163487657238584
20465.600281244508,3.8758357106985923
20466.60026171364,2.266415617864217
20467.600242182772,6.7943267000712675
20468.6002226519,3.699883643663973
20469.600203121034,3.977490311222817
20470.600183590166,4.043689310842499
20471.600164059295,1.614821464531961
20472.600144528427,3.7297872726948036
20473.60012499756,1.7431408653024694
20474.600105466692,0.4514847952837213
20475.60008593582,6.307792598610803
20476.600066404953,7.9733605803626615
20477.600046874086,8.865964852651189
20478.60002734322,1.592892954710202
20479.600007812347,3.0965308240151086
20480.59998828148,2.9855116321827424
20481.599968750612,0.23077732947634066
20482.599949219744,4.062192021110287
20483.599929688873,1.39662131957276
20484.599910158006,6.958917636440626
20485.599890627138,2.737412860977922
20486.59987109627,10.104758198903296
20487.5998515654,6.789723871902381
20488.59983203453,6.958373744280234
20489.599812503664,7.934640934993026
20490.599792972793,2.4315961194093947
20491.599773441925,4.471003953049684
20492.599753911058,2.3278611968204044
20493.59973438019,8.6605893729067
20494.59971484932,6.085742816894829
20495.59969531845,3.668061243151351
20496.599675787584,8.690703592085873
20497.599656256716,4.671369345987257
20498.599636725845,4.4908095913626696
20499.599617194977,7.817618715813732
20500.59959766411,0.8761353998191287
20501.599578133242,2.8272683484516867
20502.59955860237,4.231396527171021
20503.599539071503,3.434816743191495
20504.599519540636,5.674310938735597
20505.599500009765,3.0801380396168705
20506.599480478897,1.4103425361397204
20507.59946094803,3.061872671688892
20508.599441417162,2.7797007670349547
20509.59942188629,1.2320239892226594
20510.599402355423,7.007266303395692
20511.599382824556,4.983064571815889
20512.599363293688,3.616896724902165
20513.599343762817,1.4498621127258433
20514.59932423195,4.5748426306881464
20515.59930470108,3.113232978485253
20516.599285170214,4.926089912531886
20517.599265639343,1.1661628500450316
20518.599246108475,3.76288148410414
20519.599226577608,5.115748187730511
20520.59920704674,3.404019870612684
20521.59918751587,6.238750348533687
20522.599167985,6.372612433441329
20523.599148454134,3.296368806795913
20524.599128923262,5.606338034824047
20525.599109392395,4.623235641095505
20526.599089861527,5.937708365377149
20527.59907033066,4.779887739470736
20528.59905079979,10.091892603690217
20529.59903126892,0.8970353652319407
20530.599011738053,8.20439063193155
20531.598992207186,5.585816086841386
20532.598972676315,6.401888261988362
20533.598953145447,1.216842418264821
20534.59893361458,3.4700150907506195
20535.598914083712,2.7523019297943563
20536.59889455284,5.409860561299316
20537.598875021973,2.9410504559793083
20538.598855491105,5.106273913129922
20539.598835960238,3.884611103728428
20540.598816429367,1.4412308935604188
20541.5987968985,7.408074908536714
20542.59877736763,3.1746957854533995
20543.59875783676,2.3127761248322862
20544.598738305893,2.5824615923910406
20545.598718775025,2.5759295853085815
20546.598699244158,1.613590528479681
20547.598679713286,4.162447049302799
20548.59866018242,3.598075995367831
20549.59864065155,1.5176247998138814
20550.598621120684,1.6255322997385155
20551.598601589812,4.99243081045683
20552.598582058945,1.595212069045634
20553.598562528077,3.1435578569443474
20554.59854299721,1.4344366841352933
20555.59852346634,6.00021878449293
20556.59850393547,7.627933538397764
20557.598484404603,6.200634585915832
20558.598464873732,2.700094731396057
20559.598445342865,9.358123216669998
20560.598425811997,4.660555638807908
20561.59840628113,7.3650955997956755
20562.59838675026,4.953078244814776
20563.59836721939,8.70816027802548
20564.598347688523,1.2465784639075106
20565.598328157655,4.252528387049484
20566.598308626784,8.056486597077912
20567.598289095917,6.169289032041741
20568.59826956505,4.279387979873896
20569.59825003418,3.9945960921633925
20570.59823050331,8.972652954167332
20571.598210972443,4.088389377527827
20572.598191441575,1.0259481274858369
20573.598171910708,0.8839173645680353
20574.598152379836,8.702338027677731
20575.59813284897,5.691044488613004
20576.5981133181,5.572098507408023
20577.59809378723,1.3815035534464388
20578.598074256362,3.5351739376697524
20579.598054725495,9.629727416736715
20580.598035194627,1.2314274547991857
20581.598015663756,1.2959175124804285
20582.59799613289,1.3124594410155852
20583.59797660202,3.9799084071142983
20584.597957071153,5.910546885826582
20585.597937540282,10.515071728342017
20586.597918009415,6.110251976254687
20587.597898478547,7.823737985959718
20588.59787894768,2.8758070761330488
20589.59785941681,2.7929451644841286
20590.59783988594,2.0336236136946475
20591.597820355073,4.239813215931576
20592.597800824202,1.4658152817622816
20593.597781293334,4.032958477561621
20594.597761762467,5.95905389243285
20595.5977422316,3.878079259825494
20596.597722700728,1.5039082210050787
20597.59770316986,2.245849306261247
20598.597683638993,2.32642017030034
20599.597664108125,3.1307756487475387
20600.597644577254,5.4769239160704
20601.597625046386,4.236072164540797
20602.59760551552,0.6965939932243421
20603.59758598465,1.1450897220541547
20604.59756645378,5.668596633896819
20605.597546922912,2.783248908794591
20606.597527392045,7.240664610613611
20607.597507861177,9.167014663301988
20608.597488330306,1.2001030700699562
20609.59746879944,1.826206512526812
20610.59744926857,8.032655222684426
20611.5974297377,1.0628308531661683
20612.597410206832,0.970010573441698
20613.597390675965,1.1547213441423563
20614.597371145097,4.972070152439191
20615.597351614226,1.1610964069914917
20616.59733208336,3.2155886107582448
20617.59731255249,5.045648123180947
20618.597293021623,3.058009704348571
20619.597273490752,0.7732461054187151
20620.597253959884,1.2040371377080719
20621.597234429017,3.3104911319560517
20622.59721489815,2.455213196114062
20623.597195367278,0.6022706830902983
20624.59717583641,1.0105351436640058
20625.597156305543,1.8484364224894914
20626.597136774675,2.069128607163483
20627.597117243804,2.910869052306654
20628.597097712936,0.5671444619935625
20629.59707818207,4.406962244067697
20630.597058651198,0.7983463003897129
20631.59703912033,3.545137072932796
20632.597019589462,1.113652746878857
20633.597000058595,2.5011211293077404
20634.596980527724,1.191198579175695
20635.596960996856,5.206669561058555
20636.59694146599,5.182694448973751
20637.59692193512,3.1396407094827503
20638.59690240425,1.1340676091896391
20639.596882873382,1.1914900200656164
20640.596863342515,7.7639950682409555
20641.596843811647,5.188168975166926
20642.596824280776,1.0433464339833833
20643.59680474991,1.504195108155066
20644.59678521904,3.0418146497481056
20645.59676568817,3.003085827169177
20646.596746157302,2.2321010135171377
20647.596726626434,3.58583085885915
20648.596707095567,1.2001198209468091
20649.596687564695,1.894549661671725
20650.596668033828,5.491274007976761
20651.59664850296,2.379870177148911
20652.596628972093,5.075163410509177
20653.59660944122,3.080199661028942
20654.596589910354,1.8751792317055511
20655.596570379486,1.6711719728948604
20656.59655084862,1.6238867058237378
20657.596531317748,1.2945304333019254
20658.59651178688,1.9296645273130189
20659.596492256012,6.0343248614812115
20660.596472725145,5.566853197495471
20661.596453194274,2.4674322331457432
20662.596433663406,1.5006409791901767
20663.59641413254,3.0652205531926993
20664.596394601667,5.0845257600413705
20665.5963750708,3.9923085533484235
20666.596355539932,3.2183791543226126
20667.596336009065,2.3337458405289113
20668.596316478193,4.655824345232969
20669.596296947326,3.8183442981128546
20670.596277416458,1.2590895425969966
20671.59625788559,4.375336252870564
20672.59623835472,3.0522617776470216
20673.59621882385,2.1525242957783073
20674.596199292984,4.9083483338740805
20675.596179762117,2.527261836875459
20676.596160231245,2.0574879579524863
20677.596140700378,2.0508299293527235
20678.59612116951,1.8125094667393902
20679.59610163864,3.249733586413384
20680.59608210777,0.9407778683776273
20681.596062576904,4.111461822751506
20682.596043046036,3.8871314338384084
20683.596023515165,3.367470960479994
20684.596003984298,2.4035671884066896
20685.59598445343,1.9233869335686662
20686.595964922562,3.1454999819444454
20687.59594539169,2.9640902512431286
20688.595925860824,2.2954197847986486
20689.595906329956,1.2420661632113823
20690.59588679909,3.006213952340457
20691.595867268217,1.6942598405237725
20692.59584773735,1.7601717889334858
20693.595828206482,1.479986598777938
20694.595808675615,1.9475717489447908
20695.595789144743,3.5380889970986735
20696.595769613876,0.775653288388908
20697.595750083008,3.8284507266978642
20698.595730552137,3.786189496549794
20699.59571102127,2.9458329544042603
20700.5956914904,6.677844638156235
20701.595671959534,1.3370902005336516
20702.595652428663,5.9514957232410834
20703.595632897795,1.3208500981192646
20704.595613366928,6.041405503932473
20705.59559383606,4.503655867569889
20706.59557430519,3.2915762270162414
20707.59555477432,6.669449756261238
20708.595535243454,4.949542523012554
20709.595515712586,2.465763519256235
20710.595496181715,7.041196467449781
20711.595476650848,4.480591784203695
20712.59545711998,2.811733536631433
20713.59543758911,3.205526782901901
20714.59541805824,3.7828333996671573
20715.595398527374,3.906188939076829
20716.595378996506,4.847350102333207
20717.595359465635,1.7187472140848352
20718.595339934767,3.33941741514076
20719.5953204039,3.3533036365368187
20720.595300873032,4.058289942711045
20721.59528134216,1.5777537648048818
20722.595261811293,0.4807530952660357
20723.595242280426,4.459582723509222
20724.595222749558,6.383302627472278
20725.595203218687,2.7474937534582846
20726.59518368782,2.9683510796424883
20727.59516415695,2.3020212277491257
20728.595144626084,3.3771478146808938
20729.595125095213,3.3996964998814847
20730.595105564345,3.1906752330917607
20731.595086033478,2.163401278444442
20732.595066502607,4.180998628593372
20733.59504697174,3.896777060036889
20734.59502744087,2.915832729017172
20735.595007910004,0.9771404409016593
20736.594988379133,0.7600070519784137
20737.594968848265,2.0867248523335977
20738.594949317398,2.5607978212575486
20739.59492978653,5.61330431740084
20740.59491025566,3.43216928474721
20741.59489072479,1.3694617761057473
20742.594871193924,3.0389772841497145
20743.594851663056,2.550462087946425
20744.594832132185,0.47995579453562665
20745.594812601317,1.9902869768510683
20746.59479307045,1.2259710618128519
20747.594773539582,1.8245644621917994
20748.59475400871,2.635242240109158
20749.594734477843,1.8840910396609842
20750.594714946976,5.445749404096911
20751.594695416105,1.5893202271231588
20752.594675885237,4.159705308519392
20753.59465635437,3.0303337609654495
20754.5946368235,2.650929813984867
20755.59461729263,4.595008675005827
20756.594597761763,1.0686224410399452
20757.594578230895,3.9766891370054904
20758.594558700028,3.3399951431896273
20759.594539169157,3.275029520556772
20760.59451963829,4.022973729602601
20761.59450010742,1.5080421371759418
20762.594480576554,3.368076183524861
20763.594461045683,1.9528282221873006
20764.594441514815,4.493520815390131
20765.594421983948,1.3234557101282596
20766.594402453076,5.758935552539708
20767.59438292221,4.383626710686879
20768.59436339134,5.7007840849655205
20769.594343860474,3.292571384970904
20770.594324329602,2.792024035892399
20771.594304798735,2.374136140347795
20772.594285267867,4.079915148297702
20773.594265737,2.7050476810616897
20774.59424620613,2.4566384275825057
20775.59422667526,4.005557878828328
20776.594207144393,7.840785506760045
20777.594187613526,6.098517981572278
20778.594168082655,3.69154032642224
20779.594148551787,3.4342101994000784
20780.59412902092,1.9463375535472844
20781.59410949005,3.5494296956933424
20782.59408995918,4.384909794264849
20783.594070428313,4.434818913340615
20784.594050897445,0.7488669305185439
20785.594031366574,3.1931336458346036
20786.594011835707,3.4608812804021283
20787.59399230484,4.420834457932531
20788.59397277397,4.773234626696147
20789.5939532431,3.6149200662807512
20790.593933712233,3.4640027621053036
20791.593914181365,2.0574760154001526
20792.593894650498,3.7132337469368375
20793.593875119626,3.963017039906408
20794.59385558876,2.7402168233224002
20795.59383605789,4.675707015245109
20796.593816527024,3.27735689303014
20797.593796996152,4.88793828923388
20798.593777465285,6.456875622026268
20799.593757934417,3.0956616160254535
20800.593738403546,4.039308026791337
20801.59371887268,1.0008545900721593
20802.59369934181,2.280324786499845
20803.593679810943,2.088804587666621
20804.593660280072,2.3957560222292935
20805.593640749204,2.051594614636174
20806.593621218337,2.3044473483837384
20807.59360168747,2.8210868033694503
20808.593582156598,3.2287182702137955
20809.59356262573,5.199133287440303
20810.593543094863,2.1397303889885273
20811.593523563995,2.39614714832926
20812.593504033124,2.8214040718107585
20813.593484502257,1.9102072725390762
20814.59346497139,1.1822245906725002
20815.59344544052,1.8183055697791104
20816.59342590965,1.799739830239647
20817.593406378783,1.8543357146165014
20818.593386847915,1.069597813430071
20819.593367317044,1.6671290671607304
20820.593347786176,1.5615502922579754
20821.59332825531,0.31653029770931734
20822.59330872444,3.2053390283593615
20823.59328919357,4.550396696289223
20824.593269662702,1.709515429545775
20825.593250131835,2.6768807454969674
20826.593230600967,1.2497940401998973
20827.593211070096,1.56739450565892
20828.59319153923,2.3107471116997926
20829.59317200836,1.6395225429881362
20830.593152477493,5.807313744052456
20831.593132946622,3.6389145022513882
20832.593113415754,2.3876174789654403
20833.593093884887,2.45498088776419
20834.59307435402,1.0895675402761777
20835.593054823148,3.2736835968612343
20836.59303529228,3.2620519154647507
20837.593015761413,2.3765897316456206
20838.59299623054,1.5910944327109955
20839.592976699674,4.138912974740118
20840.592957168807,3.0503226174561284
20841.59293763794,4.085476700634018
20842.592918107068,2.089071321601985
20843.5928985762,0.6081510876293308
20844.592879045333,3.217613397762115
20845.592859514465,0.8772312453758402
20846.592839983594,3.632444241511409
20847.592820452726,3.2781170452228934
20848.59280092186,0.9747294180270277
20849.59278139099,4.467361746821953
20850.59276186012,1.41874782432957
20851.592742329252,1.9966780877939687
20852.592722798385,0.5781308233106677
20853.592703267514,5.24886999992681
20854.592683736646,5.527066588969029
20855.59266420578,2.2968659169847636
20856.59264467491,2.193929484736417
20857.59262514404,1.8545689465659774
20858.592605613172,2.3394778707889547
20859.592586082304,2.1920571899234313
20860.592566551437,4.7658437417977195
20861.592547020566,3.1723700635023273
20862.592527489698,3.2053752384039815
20863.59250795883,3.5441346080645197
20864.592488427963,4.636952263551312
20865.59246889709,4.486916423061481
20866.592449366224,3.7377981508139486
20867.592429835357,2.141261175464912
20868.59241030449,1.9516519141628
20869.592390773618,2.460257436285434
20870.59237124275,1.2065546602149848
20871.592351711883,1.9020750521674323
20872.59233218101,4.115745336940554
20873.592312650144,4.27330329062193
20874.592293119276,2.4496713761537405
20875.59227358841,4.976843158478422
20876.592254057538,2.868933867149738
20877.59223452667,4.986985665785239
20878.592214995802,2.5114523846746324
20879.592195464935,1.2050455788112555
20880.592175934064,2.7093090806638322
20881.592156403196,0.5001107632808577
20882.59213687233,3.3194361521259848
20883.59211734146,2.6643376171854136
20884.59209781059,4.469766236006542
20885.592078279722,0.6041446416867342
20886.592058748854,1.7781734658943198
20887.592039217983,2.9690786827962934
20888.592019687116,0.744559718182856
20889.592000156248,1.0119240364364592
20890.59198062538,1.9088353815402146
20891.59196109451,2.436815215228073
20892.59194156364,1.092122715761899
20893.591922032774,5.001893788783068
20894.591902501907,0.9791760498556289
20895.591882971035,3.279540964306484
20896.591863440168,4.961467378859757
20897.5918439093,3.3410747601306907
20898.591824378433,3.063642624402391
20899.59180484756,2.086191344440541
20900.591785316694,6.2235486883160265
20901.591765785826,0.9269867736073916
20902.59174625496,4.969346994594631
20903.591726724087,2.2802351591568564
20904.59170719322,1.2255607018018413
20905.591687662352,3.5836764024514234
20906.59166813148,0.6936561779230374
20907.591648600614,4.438703381772027
20908.591629069746,4.507549186234363
20909.59160953888,2.8306786513680824
20910.591590008007,2.902526262364925
20911.59157047714,5.820628972334837
20912.591550946272,2.777990598993839
20913.591531415404,2.4246017095961427
20914.591511884533,2.0454116769736146
20915.591492353666,2.9500362420742547
20916.591472822798,3.9644156933668673
20917.59145329193,1.1269013336950129
20918.59143376106,0.6916681824061699
20919.59141423019,2.076098588033157
20920.591394699324,1.7194544371294693
20921.591375168453,1.1274885624434978
20922.591355637585,1.510835040488601
20923.591336106718,1.3869664213408175
20924.59131657585,1.253576660550517
20925.59129704498,2.5120091520836296
20926.59127751411,0.7126667488099095
20927.591257983244,2.0072010461402057
20928.591238452376,1.2092605645631138
20929.591218921505,2.735622589765198
20930.591199390637,4.430751278775768
20931.59117985977,0.5694860668720508
20932.591160328902,1.9955824541619214
20933.59114079803,1.6351268952587867
20934.591121267164,3.7886339624120073
20935.591101736296,1.2697996184586806
20936.59108220543,1.558024354253603
20937.591062674557,2.0021462897031284
20938.59104314369,1.8413202909579034
20939.591023612822,2.7440070054163503
20940.59100408195,1.2121224256968355
20941.590984551083,1.331940403281818
20942.590965020216,1.233939888534535
20943.590945489348,1.9381525476552302
20944.590925958477,1.468939904240897
20945.59090642761,1.7819878830280433
20946.59088689674,0.9812434079943962
20947.590867365874,0.5499161216761463
20948.590847835003,2.533680289312815
20949.590828304135,2.153809529976572
20950.590808773268,0.9451389517848293
20951.5907892424,1.908300657324271
20952.59076971153,1.297260261870317
20953.59075018066,2.861063065676434
20954.590730649794,2.227401417128881
20955.590711118926,2.110952231555196
20956.590691588055,2.640709463422406
20957.590672057187,2.8964050712542835
20958.59065252632,1.785078561924512
20959.59063299545,1.9403406889394397
20960.59061346458,1.2353583805833341
20961.590593933714,0.654727514089675
20962.590574402846,2.8268935618888436
20963.590554871975,1.6317127449893576
20964.590535341107,1.6235864447323296
20965.59051581024,1.6985904756930683
20966.590496279372,0.3504873901119198
20967.5904767485,3.4549898485313815
20968.590457217633,0.9813982516360351
20969.590437686766,3.866431370919664
20970.590418155898,0.47812294664601224
20971.590398625027,1.0011056486892065
20972.59037909416,1.7457150296848716
20973.59035956329,1.6667413395880735
20974.59034003242,2.2688859386009774
20975.590320501553,2.768803278241693
20976.590300970685,2.4934437611858438
20977.590281439818,3.153290216381216
20978.590261908947,1.3039805868360284
20979.59024237808,1.0747616463822218
20980.59022284721,1.5037542880886863
20981.590203316344,2.698487775230264
20982.590183785473,0.49150807999442053
20983.590164254605,2.5012789284193273
20984.590144723737,3.183017012513897
20985.59012519287,3.928906427238247
20986.590105662,2.3550041078774546
20987.59008613113,2.9638315634074095
20988.590066600264,1.1661320766074754
20989.590047069396,3.845359795424656
20990.590027538525,0.4594129079044056
20991.590008007657,4.347313395466951
20992.58998847679,2.26867665601618
20993.58996894592,0.583421107911293
20994.58994941505,0.6723233682220597
20995.589929884183,2.5145964592182093
20996.589910353316,2.6939856856840927
20997.589890822444,3.167003918687261
20998.589871291577,2.272283222150575
20999.58985176071,2.9311925478169143
21000.58983222984,2.899322826417336
21001.58981269897,1.8534236409831988
21002.589793168103,2.675745808724709
21003.589773637235,0.6762416082163337
21004.589754106368,2.5848816076788346
21005.589734575497,2.991957953218745
21006.58971504463,1.4085768944103734
21007.58969551376,1.18641464671354
21008.58967598289,0.8330474681024851
21009.589656452023,1.7155345405478422
21010.589636921155,1.1122815343957502
21011.589617390287,1.686903036517043
21012.589597859416,1.4546379966071303
21013.58957832855,2.333416476821057
21014.58955879768,2.3903961740341875
21015.589539266814,3.6357308007655256
21016.589519735942,1.3049372379270965
21017.589500205075,0.9842384156201809
21018.589480674207,4.072522421514563
21019.58946114334,0.4368490260653825
21020.58944161247,2.7562033579096132
21021.5894220816,1.5481667157929637
21022.589402550733,3.8397993917278477
21023.589383019866,1.46200377942302
21024.589363488994,0.9377284355912978
21025.589343958127,2.2637411067642006
21026.58932442726,0.9791515364009425
21027.589304896388,1.235994319726441
21028.58928536552,2.69202751680095
21029.589265834653,2.4874426817996964
21030.589246303785,3.8108748227904714
21031.589226772914,2.682023271010229
21032.589207242047,2.139380375005153
21033.58918771118,2.632630696749244
21034.58916818031,1.1148889295037634
21035.58914864944,2.6434867554706165
21036.589129118573,3.5896068326668513
21037.589109587705,2.6970360539600895
21038.589090056837,1.6822181762802528
21039.589070525966,4.25006257982798
21040.5890509951,2.707702093584957
21041.58903146423,1.055925864033286
21042.58901193336,1.6520981723912331
21043.588992402492,0.48366985906022686
21044.588972871625,2.703225296881995
21045.588953340757,0.29316566006613337
21046.588933809886,3.7440368604438206
21047.58891427902,0.6224858536277664
21048.58889474815,2.135593195584841
21049.588875217283,2.812712308379825
21050.588855686412,1.679425397706318
21051.588836155544,0.5955384304015419
21052.588816624677,2.3426964168192246
21053.58879709381,2.5011704585667953
21054.588777562938,0.7288854601730246
21055.58875803207,4.5531165253521095
21056.588738501203,0.8769325009963687
21057.588718970335,0.4518006391318275
21058.588699439464,1.216658154774562
21059.588679908597,1.8221331445386255
21060.58866037773,2.3841391904475477
21061.588640846858,2.5886039795774898
21062.58862131599,1.218058521054822
21063.588601785123,2.358127977386056
21064.588582254255,0.8789604750164107
21065.588562723384,0.7680061199531785
21066.588543192516,2.2713883801652868
21067.58852366165,1.5860133343403044
21068.58850413078,1.337058964738013
21069.58848459991,1.9414880733268198
21070.588465069042,0.6565492473492747
21071.588445538175,3.5979710020191384
21072.588426007307,3.833233098997599
21073.588406476436,3.1680951157391135
21074.58838694557,2.490647915637755
21075.5883674147,0.20013536679684685
21076.588347883833,2.622307818446988
21077.588328352962,1.5211397861559366
21078.588308822094,1.499903773043017
21079.588289291227,1.3627567733749322
21080.588269760356,1.6941402241999628
21081.588250229488,1.9823361878519417
21082.58823069862,1.5229108714797515
21083.588211167753,1.687659376706424
21084.58819163688,1.3670987021505183
21085.588172106014,2.375069348713542
21086.588152575147,0.6691681129353623
21087.58813304428,4.973422692633979
21088.588113513408,0.4191931341218299
21089.58809398254,1.4027397436393154
21090.588074451673,2.6188204938368633
21091.588054920805,2.4625304955973433
21092.588035389934,1.677630499207236
21093.588015859066,1.7696754662343708
21094.5879963282,3.1962134756726193
21095.587976797327,0.6009935524443583
21096.58795726646,0.3354627428668067
21097.587937735592,1.4608603906268698
21098.587918204725,0.46280159715295127
21099.587898673853,2.1998086690189003
21100.587879142986,1.7467689864262013
21101.58785961212,1.878136026221611
21102.58784008125,1.7433803736957865
21103.58782055038,0.6950058781855165
21104.587801019512,2.3959433628264426
21105.587781488644,0.20517129457777894
21106.587761957777,1.2217916023526967
21107.587742426906,2.5025083077819303
21108.587722896038,1.0347002669026848
21109.58770336517,1.6447763191561757
21110.587683834303,0.7585000194260414
21111.58766430343,0.2860392776838278
21112.587644772564,0.2435882079708575
21113.587625241697,2.748283306333786
21114.587605710825,2.272095675194988
21115.587586179958,2.8384676190107374
21116.58756664909,1.147936871454525
21117.587547118223,2.582714132327003
21118.58752758735,1.2767043542226677
21119.587508056484,1.5031106722768959
21120.587488525616,1.8898836655991722
21121.58746899475,2.298070910999413
21122.587449463877,2.8444184815940123
21123.58742993301,0.31102092321340113
21124.587410402142,2.0073263879977694
21125.587390871275,3.747760842992356
21126.587371340403,1.5327011297857716
21127.587351809536,1.4859485149589418
21128.58733227867,2.376535307836542
21129.587312747797,1.999169084986967
21130.58729321693,2.883125656955576
21131.587273686062,1.712715755921869
21132.587254155194,1.0753084300739912
21133.587234624323,0.40053313882374086
21134.587215093456,0.6449123185899196
21135.587195562588,1.3762462379149905
21136.58717603172,3.8946851469497816
21137.58715650085,2.1433700729348453
21138.58713696998,1.5989978263532811
21139.587117439114,2.5316493588740796
21140.587097908247,1.6144440720431572
21141.587078377375,1.0416041074730267
21142.587058846508,1.0360109037784708
21143.58703931564,1.316709562629956
21144.587019784773,3.414894714700466
21145.5870002539,2.682621559659444
21146.586980723034,1.4629288950887174
21147.586961192166,3.8756491659250005
21148.586941661295,4.065888080100778
21149.586922130427,3.1910735362507006
21150.58690259956,2.8655207947350583
21151.586883068692,2.074129076753316
21152.58686353782,2.9666665874735854
21153.586844006953,5.318281168842851
21154.586824476086,4.079653586326133
21155.58680494522,3.214883450493807
21156.586785414347,1.8915489055026504
21157.58676588348,3.046377814152604
21158.586746352612,2.122127414926202
21159.586726821744,3.218824813984355
21160.586707290873,1.9686831858480929
21161.586687760006,2.5673130919432965
21162.586668229138,1.6140384294238999
21163.58664869827,2.372655872674671
21164.5866291674,2.5279850731440425
21165.58660963653,1.056323117954985
21166.586590105664,1.8563204436715453
21167.586570574793,3.790579220046106
21168.586551043925,1.4957822373054537
21169.586531513058,0.4988312917125977
21170.58651198219,1.0734180497954233
21171.58649245132,1.3192539597631985
21172.58647292045,2.824166736865751
21173.586453389584,1.892186679736615
21174.586433858716,1.3977872493109964
21175.586414327845,2.6941540025310493
21176.586394796977,1.2108846156964155
21177.58637526611,1.9792266368606926
21178.586355735242,2.6603101579856854
21179.58633620437,3.590906852277167
21180.586316673503,1.96189799725326
21181.586297142636,1.2557823582282635
21182.586277611765,2.9442451615661223
21183.586258080897,1.9879196986426166
21184.58623855003,1.672218365708221
21185.586219019162,1.565524560803192
21186.58619948829,0.3395896916111894
21187.586179957423,1.2753180189769826
21188.586160426556,0.9651130470747031
21189.586140895688,0.39423912215989504
21190.586121364817,2.8861131076528914
21191.58610183395,0.30171072913877883
21192.58608230308,2.290380421093187
21193.586062772214,0.959722660003372
21194.586043241343,0.5214631644763011
21195.586023710475,1.1781645772597449
21196.586004179608,0.8092811254478098
21197.58598464874,1.6628002668035287
21198.58596511787,2.875993635019879
21199.585945587,1.563921460003471
21200.585926056134,0.30280706809067415
21201.585906525263,2.4199414629520235
21202.585886994395,1.730299385011643
21203.585867463527,2.6629426819919937
21204.58584793266,2.0633509540589174
21205.58582840179,1.1568414784937444
21206.58580887092,0.7347125065551787
21207.585789340053,0.19639607237863452
21208.585769809186,3.2802308287436395
21209.585750278315,0.8358631454294342
21210.585730747447,2.831535694909052
21211.58571121658,1.2568144101294283
21212.585691685712,0.5258935347013981
21213.58567215484,0.9294013490583909
21214.585652623973,2.571245472237521
21215.585633093106,1.9881138859605836
21216.585613562234,0.8079191649816773
21217.585594031367,2.361442434968143
21218.5855745005,2.7898801269277165
21219.58555496963,1.4357488505823943
21220.58553543876,1.303899404377744
21221.585515907893,1.2514887048921772
21222.585496377025,0.21708664795987348
21223.585476846158,0.24865111732181053
21224.585457315286,1.3988366973932358
21225.58543778442,1.713805479728796
21226.58541825355,1.8511944157995395
21227.585398722684,1.683746637438287
21228.585379191813,1.9283675419656634
21229.585359660945,1.5774011828282866
21230.585340130077,2.1367375360427077
21231.58532059921,1.2458553200962457
21232.58530106834,1.0174194935772352
21233.58528153747,1.2782387713648051
21234.585262006603,0.8375600022335126
21235.585242475732,0.5770404323215917
21236.585222944865,0.10931183544430473
21237.585203413997,1.1386330396269886
21238.58518388313,1.7185331626793585
21239.58516435226,1.4142568045187944
21240.58514482139,0.8422404800787232
21241.585125290523,2.405374127979752
21242.585105759656,0.5825042162272063
21243.585086228784,1.3462171064728252
21244.585066697917,2.2586845627165766
21245.58504716705,3.3710214568063486
21246.58502763618,1.983538711139029
21247.58500810531,2.1164824788833587
21248.584988574443,2.1641862021611624
21249.584969043575,2.659771640641844
21250.584949512704,2.050141980059994
21251.584929981836,5.777595294841402
21252.58491045097,0.5265757831027015
21253.5848909201,2.0586513414526313
21254.58487138923,1.7113985936128449
21255.584851858363,2.2846335082027327
21256.584832327495,1.1064597199120894
21257.584812796627,2.0242232661995168
21258.584793265756,3.11524063241964
21259.58477373489,2.4843934285927936
21260.58475420402,1.131053489827666
21261.584734673153,1.3174458265833067
21262.584715142282,3.859389815988504
21263.584695611415,2.32992442413808
21264.584676080547,3.998347941465054
21265.58465654968,2.4181473156439166
21266.58463701881,2.343435856784764
21267.58461748794,3.5504218905299263
21268.584597957073,0.8600619194722426
21269.584578426202,0.4443023533992432
21270.584558895334,1.1457069919077498
21271.584539364467,1.5357197529791107
21272.5845198336,1.7114420069378542
21273.584500302728,1.259975248206636
21274.58448077186,1.557989217995609
21275.584461240993,1.1481720397313657
21276.584441710125,1.5314442061511009
21277.584422179254,1.8895269049759742
21278.584402648386,0.45079311631932567
21279.58438311752,3.4055924934615662
21280.58436358665,2.2654333949818484
21281.58434405578,1.4943168261380217
21282.584324524913,1.2483601177507935
21283.584304994045,2.3661899410717546
21284.584285463177,3.2295721590942814
21285.584265932306,0.6231837821228051
21286.58424640144,2.3159467976451973
21287.58422687057,0.9277898639544392
21288.5842073397,1.7965228147189332
21289.584187808832,1.2644721597103536
21290.584168277965,0.4812780410105079
21291.584148747097,1.6983787243347155
21292.584129216226,2.0373490804704204
21293.58410968536,2.5569607992334835
21294.58409015449,2.178949213575684
21295.584070623623,2.8740795666645456
21296.584051092752,1.9894073482911128
21297.584031561884,1.7359062188739824
21298.584012031017,0.13771201363604157
21299.58399250015,0.26709200478145945
21300.583972969278,1.9519097099057765
21301.58395343841,1.7436819400814438
21302.583933907543,0.860800934327369
21303.58391437667,1.6967110642750254
21304.583894845804,1.5241201312665316
21305.583875314936,0.7080181277099038
21306.58385578407,1.7416338001033829
21307.583836253198,0.8402032207247377
21308.58381672233,0.8207483170217847
21309.583797191463,2.2470520135644096
21310.583777660595,0.39980912248231193
21311.583758129724,0.6299567364595547
21312.583738598856,1.1958037102749748
21313.58371906799,0.7059467525033323
21314.58369953712,0.5091887939864002
21315.58368000625,0.773298379914287
21316.583660475382,1.401664215395896
21317.583640944515,0.6237398872431732
21318.583621413647,1.3157556029780686
21319.583601882776,2.242881648409608
21320.58358235191,0.243608690883862
21321.58356282104,2.5334188379767264
21322.58354329017,0.7120591421666177
21323.583523759302,2.071942943085676
21324.583504228434,1.1799007781028217
21325.583484697567,1.203367858394089
21326.583465166696,1.2165628794315073
21327.583445635828,2.380962760552266
21328.58342610496,1.979773359510355
21329.583406574093,1.0460934868112555
21330.58338704322,1.1528546668105542
21331.583367512354,0.12380693280866074
21332.583347981486,1.2086228561777315
21333.58332845062,0.4344799047039414
21334.583308919748,2.0359986368378475
21335.58328938888,0.9323952289700221
21336.583269858012,1.7703773128270315
21337.58325032714,1.4592323633299213
21338.583230796274,0.36360935566345604
21339.583211265406,0.5842336656830867
21340.58319173454,0.8526223471387917
21341.583172203667,1.4525349424801834
21342.5831526728,1.4026503149129588
21343.583133141932,1.7304198344558237
21344.583113611065,2.3877116136212715
21345.583094080193,1.5920852972160633
21346.583074549326,0.8230501128420734
21347.58305501846,0.1475364073349023
21348.58303548759,0.8626693326933526
21349.58301595672,1.6153119084688272
21350.582996425852,1.5345688994972322
21351.582976894984,0.6682320685958196
21352.582957364117,0.5712947015365347
21353.582937833246,0.12711684388169978
21354.582918302378,2.2744102940074225
21355.58289877151,2.1016040247903005
21356.58287924064,1.3268234435599735
21357.58285970977,1.3869301947675972
21358.582840178904,0.7314476303184805
21359.582820648036,1.1654579261756324
21360.582801117165,0.8140240250091394
21361.582781586298,0.7408205702484105
21362.58276205543,1.3176909431949768
21363.582742524562,2.0742601899761053
21364.58272299369,1.2790966260810224
21365.582703462824,0.9021797667672192
21366.582683931956,1.3196153482019948
21367.58266440109,0.3626182348627453
21368.582644870217,1.7275667231616159
21369.58262533935,0.729116122979989
21370.582605808482,0.5140455542443249
21371.58258627761,3.174880567500934
21372.582566746743,2.762663758030821
21373.582547215876,1.3879198591494788
21374.58252768501,1.9311626975850333
21375.582508154137,1.7271947196816688
21376.58248862327,1.4955474926677894
21377.582469092402,1.2853835120232733
21378.582449561534,0.8512045035598172
21379.582430030663,0.2577226682997289
21380.582410499796,0.6010844952537059
21381.582390968928,1.7029063465264587
21382.58237143806,0.13534210742531141
21383.58235190719,3.0868168907601543
21384.58233237632,1.3642484476435215
21385.582312845454,1.13520672201594
21386.582293314586,1.7432091765324575
21387.582273783715,3.3426978526789424
21388.582254252848,2.186485997259496
21389.58223472198,0.5431344639735182
21390.58221519111,2.9241630835358037
21391.58219566024,2.4349038944527703
21392.582176129374,0.8841952873309467
21393.582156598506,2.9177116253145345
21394.582137067635,1.372713986128963
21395.582117536767,1.4973642578382973
21396.5820980059,1.7804530129486573
21397.582078475032,0.8775585958449713
21398.58205894416,3.3367079597044293
21399.582039413293,1.0388480131028268
21400.582019882426,1.2899800910112107
21401.58200035156,0.25721547137997797
21402.581980820687,4.258062966746999
21403.58196128982,3.55855170090422
21404.581941758952,0.34564280878807274
21405.581922228084,1.3332084326327638
21406.581902697213,1.1776947402123332
21407.581883166346,0.9382599032768851
21408.581863635478,2.1007533009486257
21409.581844104607,1.335133694995764
21410.58182457374,0.7836190463522636
21411.58180504287,1.753640272341533
21412.581785512004,2.3661676964418707
21413.581765981133,1.9522588007653463
21414.581746450265,0.5687415203543951
21415.581726919398,0.801172909553765
21416.58170738853,0.5493024422094913
21417.58168785766,1.1286250748640185
21418.58166832679,0.6896429682372239
21419.581648795924,1.6424040945235476
21420.581629265056,1.5491622616463283
21421.581609734185,1.8858644258845225
21422.581590203317,0.4896077887263748
21423.58157067245,0.6405478626370704
21424.58155114158,1.1150511374143788
21425.58153161071,1.0179321612048793
21426.581512079843,1.635897100134874
21427.581492548976,0.4946945914407001
21428.581473018105,1.2155928812773598
21429.581453487237,0.8690234229897661
21430.58143395637,1.2551131206289152
21431.581414425502,2.277247840449295
21432.58139489463,1.398746557757546
21433.581375363763,1.5931492666621556
21434.581355832895,2.4054705076295364
21435.581336302028,0.9805255565875813
21436.581316771157,1.0293825538109767
21437.58129724029,0.4904733097062601
21438.58127770942,0.6550732984861831
21439.581258178554,0.6919689238434441
21440.581238647683,1.038579089983901
21441.581219116815,2.0580593928142275
21442.581199585948,0.8505649788121588
21443.581180055076,0.5050524231767687
21444.58116052421,0.5333007653681324
21445.58114099334,1.3584755294325024
21446.581121462474,0.6421986882932322
21447.581101931602,2.750857193018804
21448.581082400735,1.352050616532128
21449.581062869867,1.896820861993197
21450.581043339,1.0077782549283238
21451.58102380813,3.2783750376978817
21452.58100427726,1.5984994977521725
21453.580984746393,2.0011711766657476
21454.580965215526,1.3146939725015152
21455.580945684655,0.8295884373797013
21456.580926153787,2.1796017848847504
21457.58090662292,1.3659634779916165
21458.58088709205,1.100777352874247
21459.58086756118,1.1861090918325126
21460.580848030313,0.5432623075942088
21461.580828499445,2.304698113937106
21462.580808968574,1.904315347000902
21463.580789437707,1.5046295472418536
21464.58076990684,1.3879549687957085
21465.58075037597,0.6496037635262618
21466.5807308451,1.7511393035423137
21467.580711314233,2.5997899647258893
21468.580691783365,1.397054598148291
21469.580672252498,1.615591288486802
21470.580652721626,3.297481631480939
21471.58063319076,0.6412132412599775
21472.58061365989,0.6301733587295109
21473.580594129024,1.9257320533943383
21474.580574598152,1.4653779187275682
21475.580555067285,2.239530957684933
21476.580535536417,0.7342638887779387
21477.580516005546,2.6947970671805264
21478.58049647468,1.9887355376293934
21479.58047694381,0.4435328252755021
21480.580457412943,1.531994394478139
21481.580437882072,1.7932067406131453
21482.580418351205,0.49393130749139014
21483.580398820337,0.6302959944051285
21484.58037928947,1.8944139081749134
21485.5803597586,1.526729746721523
21486.58034022773,0.50786269832361
21487.580320696863,0.9563223852846302
21488.580301165995,2.5290786369971285
21489.580281635124,0.786603204422158
21490.580262104257,1.1552814469513017
21491.58024257339,0.39861564867036214
21492.58022304252,0.38699039970637855
21493.58020351165,0.7191765295857911
21494.580183980783,0.982564871101801
21495.580164449915,0.8007583444522357
21496.580144919044,1.0652943604172778
21497.580125388176,1.2761535127349808
21498.58010585731,0.6729022382210958
21499.58008632644,1.8361074699580462
21500.58006679557,0.21302745926427996
21501.580047264702,0.498844971158926
21502.580027733835,1.5809958535260549
21503.580008202967,2.6746896841017653
21504.579988672096,0.33453513343748614
21505.57996914123,0.935050880312272
21506.57994961036,1.1364111698234776
21507.579930079493,1.717070952641249
21508.579910548622,0.7058613259845441
21509.579891017755,1.073767320039712
21510.579871486887,0.42671645406242376
21511.579851956016,1.071068991605686
21512.57983242515,0.3134322428622884
21513.57981289428,0.5140503505792334
21514.579793363413,0.7234331323101972
21515.579773832542,0.754205726236069
21516.579754301674,0.973093573124206
21517.579734770807,0.9450284926293423
21518.57971523994,0.989106208174671
21519.579695709068,0.8363659774922573
21520.5796761782,2.0060134574912976
21521.579656647333,1.372310171745023
21522.579637116465,1.4787567269405655
21523.579617585594,0.8198924701277716
21524.579598054726,0.20238942436492574
21525.57957852386,1.1286964832889959
21526.57955899299,1.9796288962124897
21527.57953946212,1.133509214567849
21528.579519931252,0.2900985160286764
21529.579500400385,0.46951514615260614
21530.579480869514,0.8910226846897079
21531.579461338646,0.9883278976678842
21532.57944180778,2.366559103168112
21533.57942227691,1.5590368495719047
21534.57940274604,1.5007387114052262
21535.579383215172,1.6906175111734352
21536.579363684305,1.1441593583227088
21537.579344153437,0.860601248026174
21538.579324622566,0.7799037635662204
21539.5793050917,1.798088322426132
21540.57928556083,1.6525860378402801
21541.579266029963,0.6868857775332093
21542.579246499092,0.6618296372822626
21543.579226968224,1.553130100400384
21544.579207437357,0.43018298073920935
21545.579187906485,2.2195492847948954
21546.579168375618,1.050115968678071
21547.57914884475,0.6023831102314328
21548.579129313883,0.6995712865136527
21549.57910978301,0.4696229616069043
21550.579090252144,1.6816123484915393
21551.579070721276,1.5391703759261788
21552.57905119041,0.2916640764335186
21553.579031659538,1.7304032078378273
21554.57901212867,1.7520997109805454
21555.578992597802,0.555018160469537
21556.578973066935,1.6005382763698737
21557.578953536064,0.7034258683330079
21558.578934005196,0.9824210236815072
21559.57891447433,2.269394822531453
21560.57889494346,0.44826647174838347
21561.57887541259,1.6262155363386892
21562.578855881722,0.3018810822094478
21563.578836350855,0.6516039520190791
21564.578816819983,1.1004266031127286
21565.578797289116,0.40548354860316965
21566.578777758248,0.4708405399583287
21567.57875822738,0.37387910728539514
21568.57873869651,0.5694028147560575
21569.57871916564,0.414998357596551
21570.578699634774,2.0047842053150497
21571.578680103907,0.5717812944136809
21572.578660573035,1.8057373808330974
21573.578641042168,0.19075785055795225
21574.5786215113,0.5367247225612365
21575.578601980433,1.6050684588736874
21576.57858244956,1.0678223726773377
21577.578562918694,1.4710469737714846
21578.578543387826,2.602794157497413
21579.578523856955,0.4375345091509968
21580.578504326088,0.5277898691119259
21581.57848479522,0.7798140165908463
21582.578465264352,0.953145958329503
21583.57844573348,0.5508450373178579
21584.578426202614,0.7452886246718824
21585.578406671746,2.330635312051488
21586.57838714088,1.113585270775548
21587.578367610007,1.7919054453717074
21588.57834807914,0.23460612741816367
21589.578328548272,1.5158355451925656
21590.578309017405,0.9910250217619452
21591.578289486533,1.2668020649152547
21592.578269955666,1.8815659965559726
21593.578250424798,1.0357134337107066
21594.57823089393,1.0456830209040682
21595.57821136306,0.3843255965517147
21596.57819183219,0.21234064995516344
21597.578172301324,0.8000694164858149
21598.578152770453,0.4055360737541602
21599.578133239585,1.9980296065037826
21600.578113708718,1.57790051827668
21601.57809417785,1.3887819482249912
21602.57807464698,0.1965029107075677
21603.57805511611,0.5509797819592651
21604.578035585244,1.0755140861391748
21605.578016054376,0.651721938485509
21606.577996523505,1.495798158843645
21607.577976992638,2.378268619729252
21608.57795746177,0.36143912596109073
21609.577937930902,1.0819391856525675
21610.57791840003,1.734854595755308
21611.577898869164,0.3837172179967364
21612.577879338296,1.3426021938382742
21613.57785980743,1.1356152990606774
21614.577840276557,1.2519596609795103
21615.57782074569,1.3920471191412536
21616.577801214822,1.0643980573517473
21617.57778168395,1.402744442722621
21618.577762153083,0.7054711785136829
21619.577742622216,1.464817324836427
21620.577723091348,0.9074801303829121
21621.577703560477,1.1550283980185743
21622.57768402961,1.358243974056945
21623.57766449874,1.5618773696945183
21624.577644967874,1.8935086518984892
21625.577625437003,1.3189459485708612
21626.577605906135,1.147939443846251
21627.577586375268,1.5300983777327446
21628.5775668444,1.7951266846884417
21629.57754731353,0.8940794429779167
21630.57752778266,0.5244997766380122
21631.577508251794,2.627744515225527
21632.577488720923,1.2447712175741898
21633.577469190055,1.4632351044766332
21634.577449659188,0.7306454727753567
21635.57743012832,0.5418830858818312
21636.57741059745,0.47116255223075026
21637.57739106658,0.5902229260221722
21638.577371535714,1.547263369638696
21639.577352004846,1.1750192183875217
21640.577332473975,1.2467790208663903
21641.577312943107,0.7412148795422867
21642.57729341224,4.026388163437484
21643.577273881372,1.2577037285412331
21644.5772543505,1.1097871742189542
21645.577234819633,1.8573590449826027
21646.577215288766,1.1181169901567698
21647.577195757898,0.43065811801246157
21648.577176227027,0.6290167553389524
21649.57715669616,0.36797205358097235
21650.57713716529,1.2470484216825137
21651.57711763442,0.35705701924282335
21652.577098103553,0.20031187703144607
21653.577078572685,1.345382544992976
21654.577059041818,1.7919084470430016
21655.577039510947,1.6149510516699366
21656.57701998008,1.3293639950321574
21657.57700044921,1.2778788357293447
21658.576980918344,1.0351107653608773
21659.576961387473,2.243103338924595
21660.576941856605,0.5621435365461938
21661.576922325738,0.8117044584340242
21662.57690279487,2.514701719870295
21663.576883264,1.2022574821565701
21664.57686373313,2.2330720950837275
21665.576844202264,0.7457018660958822
21666.576824671392,1.5364533549551893
21667.576805140525,2.1570068781820675
21668.576785609657,0.851031258279435
21669.57676607879,0.6785691052242652
21670.57674654792,0.8260630839841748
21671.57672701705,1.445026462047461
21672.576707486183,0.8576904289016437
21673.576687955316,1.9012444072990784
21674.576668424445,1.0505011195545504
21675.576648893577,0.6207003611133403
21676.57662936271,2.9338299142382067
21677.57660983184,1.5246373476486965
21678.57659030097,2.2259241301003194
21679.576570770103,2.4582188325409837
21680.576551239235,2.672453210299936
21681.576531708368,0.6083305108733904
21682.576512177497,1.3935380316442865
21683.57649264663,1.6676923571038398
21684.57647311576,1.142334080714615
21685.57645358489,1.6064730459822762
21686.576434054023,0.8651363087532722
21687.576414523155,2.0027854733667065
21688.576394992288,0.8497731389260705
21689.576375461416,0.5413728605817567
21690.57635593055,1.4355893985934869
21691.57633639968,0.8189180944641954
21692.576316868814,1.118406028618494
21693.576297337942,0.3702014865529479
21694.576277807075,0.9233942081997335
21695.576258276207,1.0256238712861445
21696.57623874534,0.6013369425323981
21697.57621921447,1.7443198215919313
21698.5761996836,0.8341716851053077
21699.576180152733,1.1417376259436622
21700.576160621866,0.6511225338205641
21701.576141090994,1.7904195492744495
21702.576121560127,1.177177450630515
21703.57610202926,0.70698781807567
21704.576082498388,0.5037197649672827
21705.57606296752,0.22938468650964527
21706.576043436653,1.4987448524518816
21707.576023905785,0.5303096788981203
21708.576004374914,1.423033556238706
21709.575984844047,1.6715273969008495
21710.57596531318,1.051843841757371
21711.57594578231,0.4240170412365601
21712.57592625144,0.5620125318407724
21713.575906720573,1.0729697978212325
21714.575887189705,1.1674530509440173
21715.575867658838,0.3439062170166656
21716.575848127966,1.0590717133302046
21717.5758285971,1.7037790865621645
21718.57580906623,0.6098322121270667
21719.57578953536,1.3215025085663628
21720.575770004492,1.1668027773069614
21721.575750473625,1.7949222599519983
21722.575730942757,0.7113072360234662
21723.575711411886,1.1804886059759958
21724.57569188102,0.5683749806174381
21725.57567235015,1.4445548012889595
21726.575652819283,1.0958922945089684
21727.575633288412,1.0603234351990474
21728.575613757544,1.4917573566019011
21729.575594226677,0.5043532270901752
21730.57557469581,0.9018532042271145
21731.575555164938,1.6730898462457948
21732.57553563407,2.743762660027197
21733.575516103203,0.6881137519383191
21734.575496572335,1.3668069789647483
21735.575477041464,0.2783661639923199
21736.575457510597,1.3625356042488594
21737.57543797973,0.4060555922289722
21738.575418448858,0.25219562737900436
21739.57539891799,1.922562775939133
21740.575379387123,0.7610384975048575
21741.575359856255,1.2177536357383483
21742.575340325384,1.517986513387549
21743.575320794516,0.4607659489068268
21744.57530126365,1.852039480408742
21745.57528173278,0.701065509250931
21746.57526220191,2.9344904009319155
21747.575242671042,0.82707902637861
21748.575223140175,1.235608858500489
21749.575203609307,1.2087472788549913
21750.575184078436,1.858417250601163
21751.57516454757,1.5449329895988364
21752.5751450167,0.29798914219074946
21753.57512548583,1.914268255502605
21754.575105954962,1.027080567719634
21755.575086424094,0.7759250506329912
21756.575066893227,0.9594703904787125
21757.575047362356,1.057824892396848
21758.575027831488,0.48433927640775004
21759.57500830062,0.8137427260452782
21760.574988769753,0.40824107121544545
21761.57496923888,1.702486371126959
21762.574949708014,2.823504728554961
21763.574930177147,0.9944378408883315
21764.57491064628,1.3021766971747908
21765.574891115408,0.7946952362533188
21766.57487158454,0.27300557060434266
21767.574852053673,0.9694243771800314
21768.574832522805,0.7059359734108168
21769.574812991934,1.0357061428146037
21770.574793461066,1.007334005126036
21771.5747739302,1.784856383034787
21772.574754399328,0.3137465841536875
21773.57473486846,0.52974535470172
21774.574715337592,0.6918030429980264
21775.574695806725,1.3078922359115508
21776.574676275854,0.6044337666892999
21777.574656744986,0.5708975779890538
21778.57463721412,0.5203763765698065
21779.57461768325,0.5614093046434614
21780.57459815238,0.9388938385716604
21781.574578621512,0.12796621473222056
21782.574559090644,1.2257535243139563
21783.574539559777,0.934481871999006
21784.574520028906,1.7814729947404275
21785.574500498038,0.283265519064699
21786.57448096717,0.21656765775370873
21787.5744614363,0.5698925510834812
21788.57444190543,0.9089288600832496
21789.574422374564,0.6339156936473143
21790.574402843697,0.7410665524333692
21791.574383312825,1.2787847155762129
21792.574363781958,0.17484847646280813
21793.57434425109,0.5083751923309434
21794.574324720223,1.5623642919593455
21795.57430518935,1.0556853817945675
21796.574285658484,0.799502553725196
21797.574266127616,0.8718037059318248
21798.57424659675,2.1677428921426234
21799.574227065877,1.3710538970725186
21800.57420753501,1.5922067581417167
21801.574188004142,0.36240217735879343
21802.574168473275,0.9948754156890658
21803.574148942404,0.5574821716137719
21804.574129411536,1.071551907806523
21805.57410988067,0.23342716616488918
21806.574090349797,2.3773183505419917
21807.57407081893,0.6981876883228081
21808.574051288062,0.47759630493752236
21809.574031757194,0.643542965642613
21810.574012226323,0.20179492599878254
21811.573992695456,1.1039027411089826
21812.573973164588,1.475993259198096
21813.57395363372,1.0441138975442865
21814.57393410285,0.6353195630755558
21815.57391457198,0.5215762100259339
21816.573895041114,1.634352935118399
21817.573875510247,0.3242482730191156
21818.573855979375,1.4907933170676897
21819.573836448508,1.9698554925285225
21820.57381691764,0.3728150394651966
21821.573797386773,0.6555780759536569
21822.5737778559,0.6672016141773799
21823.573758325034,0.6209609293814877
21824.573738794166,1.226813326441316
21825.573719263295,0.6106807413263046
21826.573699732427,0.822366757582292
21827.57368020156,0.6384268843319206
21828.573660670692,1.1306293442801896
21829.57364113982,0.5367967109515035
21830.573621608954,0.7857772841422708
21831.573602078086,0.25623165920404684
21832.57358254722,1.025402075215352
21833.573563016347,0.570438164955728
21834.57354348548,0.8219544617686125
21835.573523954612,0.6320419749910838
21836.573504423744,1.0571826560871946
21837.573484892873,0.20967196591602005
21838.573465362006,0.7751205306858375
21839.573445831138,0.8532257757344455
21840.573426300267,0.41021187725772684
21841.5734067694,0.5029935763388212
21842.57338723853,0.7005587374880978
21843.573367707664,0.22233874628462474
21844.573348176793,0.6500904097645521
21845.573328645925,0.5601145305639079
21846.573309115058,0.5512863308598767
21847.57328958419,0.7065849226461592
21848.57327005332,0.28545050726523163
21849.57325052245,0.28715528627855796
21850.573230991584,0.3016206906614265
21851.573211460716,1.7444379162294879
21852.573191929845,0.624968038348278
21853.573172398977,1.175864271803856
21854.57315286811,0.5605463247517497
21855.573133337242,1.0244394085046722
21856.57311380637,0.7740613816176819
21857.573094275504,1.3436254898198368
21858.573074744636,0.8305238250197817
21859.573055213765,1.1496329781132208
21860.573035682897,1.1371787091931387
21861.57301615203,1.7097208943232656
21862.572996621162,1.0384641199194469
21863.57297709029,1.2785714892826476
21864.572957559423,1.2168148674557562
21865.572938028556,0.21780633544184685
21866.572918497688,0.4693251793035296
21867.572898966817,0.4653851133685627
21868.57287943595,0.8850606402793417
21869.57285990508,0.8623223767030839
21870.572840374214,1.7610780114424873
21871.572820843343,1.8386296381256666
21872.572801312475,0.8718846814640184
21873.572781781608,0.6459705695418061
21874.572762250737,0.9459607694658612
21875.57274271987,1.1142523059750937
21876.572723189,1.3164165267620191
21877.572703658134,1.1585846925708447
21878.572684127263,1.41974411905527
21879.572664596395,0.47800707453932106
21880.572645065527,1.3918269590949854
21881.57262553466,1.4760840514452713
21882.57260600379,0.1443542069133964
21883.57258647292,0.4621991981736071
21884.572566942054,2.0428614734902144
21885.572547411186,0.5841532987666442
21886.572527880315,0.7457131189517201
21887.572508349447,0.6019372346449421
21888.57248881858,0.7685969515903248
21889.572469287712,0.6978030846194178
21890.57244975684,0.7671891037322807
21891.572430225973,0.6352282029843161
21892.572410695106,0.6843707535962584
21893.572391164234,0.7004372179546074
21894.572371633367,0.2935424953988134
21895.5723521025,0.6543961411218849
21896.57233257163,0.7041292079581397
21897.57231304076,0.6093309310957298
21898.572293509893,0.8638559200174764
21899.572273979025,0.9657272273084905
21900.572254448158,1.0569060137772412
21901.572234917287,0.6607440795009963
21902.57221538642,0.6226211295693687
21903.57219585555,1.116321892065871
21904.572176324684,1.0245870506142363
21905.572156793813,0.7394339816043083
21906.572137262945,0.7458088729176426
21907.572117732077,1.4989406640354663
21908.572098201206,0.38663671810848366
21909.57207867034,1.0562346311923967
21910.57205913947,1.1390927609588164
21911.572039608604,0.8038654177807706
21912.572020077732,0.566752645530827
21913.572000546865,1.567549783213346
21914.571981015997,0.7923328178424058
21915.57196148513,0.20061235422896667
21916.57194195426,1.5981748588829527
21917.57192242339,0.294092698095533
21918.571902892523,1.0290509686981586
21919.571883361656,0.26524887711774825
21920.571863830784,0.8888834269299889
21921.571844299917,0.38543819106361876
21922.57182476905,0.5612969544587322
21923.57180523818,0.7811164800044099
21924.57178570731,0.5538017360017877
21925.571766176443,0.37605845651723574
21926.571746645575,1.0829827705723047
21927.571727114704,0.7660597158052835
21928.571707583837,1.486343523380326
21929.57168805297,0.5280494564987217
21930.5716685221,0.40657678139399833
21931.57164899123,0.343875399262501
21932.571629460363,0.5567302781404331
21933.571609929495,1.1590393885187291
21934.571590398627,0.3591094229948639
21935.571570867756,0.6547635808190648
21936.57155133689,1.6321454658126542
21937.57153180602,1.052584505955278
21938.571512275154,0.8369685056042195
21939.571492744282,1.7131301324099655
21940.571473213415,0.7424300220197158
21941.571453682547,0.41376055381078214
21942.57143415168,0.8162895326823344
21943.57141462081,0.9335906011507856
21944.57139508994,0.6600384544127992
21945.571375559073,0.6425052161700476
21946.571356028202,0.03645472267498633
21947.571336497334,0.16988062769424386
21948.571316966467,1.9978525224301522
21949.5712974356,0.512887755637587
21950.571277904728,0.03601572639790963
21951.57125837386,0.3228721205558205
21952.571238842993,0.7590521361590411
21953.571219312125,0.30481611515382
21954.571199781254,0.6590717035194353
21955.571180250387,0.7778231083089094
21956.57116071952,0.8643057849391224
21957.57114118865,1.2928870467618403
21958.57112165778,0.10796150454667058
21959.571102126913,1.3573084069804713
21960.571082596045,1.2999606118645588
21961.571063065174,1.6899040291660756
21962.571043534306,0.49527061615047324
21963.57102400344,0.3644051767235688
21964.57100447257,0.5317385478537059
21965.5709849417,0.25579016988187675
21966.570965410832,0.794649715470088
21967.570945879965,0.5649871801693418
21968.570926349097,0.5697703874254495
21969.570906818226,0.6715156241141886
21970.57088728736,0.9949117728134235
21971.57086775649,0.488467780587593
21972.570848225623,0.10544850721674953
21973.570828694752,0.5132614620167796
21974.570809163884,0.5184187246860921
21975.570789633017,0.6265872107889616
21976.57077010215,0.6933570281538803
21977.570750571278,0.2867960730526796
21978.57073104041,0.19941957769869453
21979.570711509543,0.6311172366420481
21980.57069197867,0.1960845940705975
21981.570672447804,0.4442266075123058
21982.570652916937,0.8745980924669134
21983.57063338607,0.4436792341438853
21984.570613855198,0.23979704311640007
21985.57059432433,0.6241433236958774
21986.570574793463,0.6895009940593352
21987.570555262595,0.6152522403997139
21988.570535731724,0.16599829618308565
21989.570516200856,0.9291806813792836
21990.57049666999,1.404362822103898
21991.57047713912,1.215618423409874
21992.57045760825,0.4463858734759288
21993.570438077382,0.45992960250378395
21994.570418546515,1.1048844160473483
21995.570399015643,0.30440712024671046
21996.570379484776,0.41150562955101816
21997.57035995391,0.2956032187129061
21998.57034042304,1.227618789699781
21999.57032089217,0.9854159675709474
22000.570301361302,0.431094629492482
22001.570281830434,0.7730660028155726
22002.570262299567,0.22819743887975083
22003.570242768696,0.20770463185228746
22004.570223237828,1.0658387711103916
22005.57020370696,0.8011086895740167
22006.570184176093,0.34264163257444413
22007.57016464522,1.0353269900854496
22008.570145114354,0.47862212616235517
22009.570125583487,1.4157482039001195
22010.57010605262,1.0682848324207892
22011.570086521748,1.4645859697944212
22012.57006699088,0.9114388268506669
22013.570047460013,0.7094580087972234
22014.57002792914,0.9570646913539586
22015.570008398274,0.7859346790047135
22016.569988867406,1.057498932212765
22017.56996933654,0.31291588946602217
22018.569949805667,0.26885341491505266
22019.5699302748,0.8274934527307017
22020.569910743932,0.5345980480393119
22021.569891213065,0.7451349391104571
22022.569871682193,0.5841159682338642
22023.569852151326,0.4064062266023532
22024.56983262046,1.0467645291923229
22025.56981308959,1.051982184235218
22026.56979355872,0.908587242226627
22027.569774027852,1.016020376295674
22028.569754496984,0.6338950688099847
22029.569734966117,1.280946046455899
22030.569715435246,1.5807814650998866
22031.569695904378,1.8765318333484406
22032.56967637351,1.2247270297085835
22033.56965684264,0.561074454220125
22034.56963731177,0.6892082076499705
22035.569617780904,0.6089919837398668
22036.569598250037,0.675329223024778
22037.569578719165,0.1416893741333474
22038.569559188298,1.1036609223972051
22039.56953965743,1.134967294450589
22040.569520126563,0.6859390217270083
22041.56950059569,1.5709632157753957
22042.569481064824,0.7098566788511855
22043.569461533956,0.41424610859290234
22044.56944200309,1.1398987952818365
22045.569422472217,0.4895203541367193
22046.56940294135,2.3967638105208233
22047.569383410482,1.409065459126904
22048.56936387961,0.533465198233447
22049.569344348743,0.3695115269245108
22050.569324817876,0.46544930618686015
22051.56930528701,2.013980506888269
22052.569285756137,1.265436275982028
22053.56926622527,0.47680992896558877
22054.569246694402,1.0044030331660698
22055.569227163534,0.6075721458720859
22056.569207632663,0.5919440713140774
22057.569188101796,1.1233888016374631
22058.569168570928,1.38791216913363
22059.56914904006,1.7036482239058683
22060.56912950919,0.39451084266442893
22061.56910997832,1.9662808658434572
22062.569090447454,0.8462395545042116
22063.569070916586,0.4029432221235054
22064.569051385715,0.5634257418783915
22065.569031854848,1.255194756020853
22066.56901232398,0.44433799885131914
22067.56899279311,1.2466450265379088
22068.56897326224,1.0334391612920129
22069.568953731374,1.2375435119440337
22070.568934200506,0.6610781207629272
22071.568914669635,0.42074460675676606
22072.568895138767,1.4162905595669555
22073.5688756079,0.4506348320806285
22074.568856077032,0.5603475254498353
22075.56883654616,0.972054458046927
22076.568817015293,0.4251941907441019
22077.568797484426,0.2374700536377668
22078.56877795356,1.1123271604651572
22079.568758422687,0.593466957407573
22080.56873889182,0.3322694023621263
22081.568719360952,0.20267892693677836
22082.56869983008,0.679633933279177
22083.568680299213,0.9967523599117782
22084.568660768346,0.7350368105081374
22085.568641237478,0.14718986029092332
22086.568621706607,0.2665203315445944
22087.56860217574,0.8341649511468674
22088.56858264487,0.7792191827164611
22089.568563114004,1.1360890323382045
22090.568543583133,1.0134792758217868
22091.568524052265,0.6643221613056974
22092.568504521398,1.1361786123179007
22093.56848499053,0.8882697517321004
22094.56846545966,0.7011434240855261
22095.56844592879,0.46512697943516285
22096.568426397924,0.41592692359867106
22097.568406867056,0.5824912391674213
22098.568387336185,0.7698513465298914
22099.568367805317,1.271244154214834
22100.56834827445,0.28241249286348935
22101.56832874358,0.3295552073889561
22102.56830921271,1.1479933159909246
22103.568289681843,0.3242546244870574
22104.568270150976,1.0459398853445023
22105.568250620105,0.5016905146311192
22106.568231089237,0.9852277013278864
22107.56821155837,0.9936070824803349
22108.568192027502,0.34306095537373105
22109.56817249663,1.2110067186889468
22110.568152965763,0.5831077927771893
22111.568133434896,0.8630897693754861
22112.568113904028,0.3101694703099897
22113.568094373157,0.9200126646498985
22114.56807484229,0.8700409338554375
22115.56805531142,0.7697174295110621
22116.56803578055,1.2871047452430087
22117.568016249683,0.4132040906423445
22118.567996718815,0.44263103916845853
22119.567977187948,0.8700735602987244
22120.567957657076,1.2179735842269614
22121.56793812621,0.6393523479802387
22122.56791859534,0.8556115931098329
22123.567899064474,1.3339043023358441
22124.567879533603,0.16017213613969514
22125.567860002735,1.0340212498505101
22126.567840471867,0.67093768905777
22127.567820941,0.27631046558950306
22128.56780141013,1.9100494800734427
22129.56778187926,1.3352323423835055
22130.567762348393,0.6015041565683866
22131.567742817526,0.4269039726459656
22132.567723286655,0.5531187961718473
22133.567703755787,0.238307355523432
22134.56768422492,0.22017921522110612
22135.56766469405,1.069577227415204
22136.56764516318,0.4005368210904613
22137.567625632313,1.0956328564046154
22138.567606101446,1.4679330336026715
22139.567586570574,0.32663711694540437
22140.567567039707,0.5627702678975378
22141.56754750884,0.9822185051510606
22142.56752797797,0.9548928562665283
22143.5675084471,0.7144316102773454
22144.567488916233,0.6225959311165085
22145.567469385365,1.2041251282115617
22146.567449854498,0.630724818926524
22147.567430323626,1.2320511043209794
22148.56741079276,0.351041867057357
22149.56739126189,0.2968480816560324
22150.567371731024,0.4329328724525559
22151.567352200153,2.1529293732321184
22152.567332669285,1.3810653538845308
22153.567313138417,0.8220945910557365
22154.567293607546,0.4690112150690621
22155.56727407668,0.2855995652740481
22156.56725454581,0.5222015275541728
22157.567235014943,0.9279564074724286
22158.567215484072,0.42398358119822344
22159.567195953205,0.8732584236926476
22160.567176422337,1.1729415723564638
22161.56715689147,0.37301744988417185
22162.5671373606,0.4553472751208599
22163.56711782973,0.8596836376182306
22164.567098298863,0.14042587255226638
22165.567078767996,0.2016996015407505
22166.567059237124,0.39121311529316255
22167.567039706257,0.2927893436393095
22168.56702017539,0.6852665460293441
22169.567000644518,0.2380915956823977
22170.56698111365,0.6517546292125854
22171.566961582783,0.6642006822072758
22172.566942051915,0.6263944114351009
22173.566922521044,0.7518200367367189
22174.566902990176,0.20962061291710657
22175.56688345931,0.14849942670991198
22176.56686392844,0.196846055085574
22177.56684439757,0.5676126406780949
22178.566824866703,0.9249801974836441
22179.566805335835,0.6490629209758118
22180.566785804967,0.7915275568447373
22181.566766274096,0.2900583804708811
22182.56674674323,0.07851446960979766
22183.56672721236,0.587660678224749
22184.566707681493,0.3342125815661206
22185.566688150622,0.23167597318908972
22186.566668619755,0.3378921832136639
22187.566649088887,1.105726552196799
22188.566629558016,0.3209640048206341
22189.56661002715,1.308222705409591
22190.56659049628,0.43970329592265245
22191.566570965413,0.2615008392047286
22192.566551434542,0.758042540632394
22193.566531903674,0.430139994123642
22194.566512372807,0.21960427757571485
22195.56649284194,0.5620024100585549
22196.566473311068,0.5194821149306978
22197.5664537802,0.34368879664313423
22198.566434249333,0.5785269516291415
22199.566414718465,0.2536805428584665
22200.566395187594,0.2741993000757691
22201.566375656726,0.048883690412371505
22202.56635612586,0.46958414909376284
22203.566336594988,0.7836078807251615
22204.56631706412,0.39483536995663915
22205.566297533253,0.7107167011303519
22206.566278002385,0.5126081836772802
22207.566258471514,0.14855431616565654
22208.566238940646,0.19223247428819984
22209.56621940978,0.5409827969810063
22210.56619987891,0.7012819708106681
22211.56618034804,0.6465847036722392
22212.566160817172,0.728334352830554
22213.566141286305,0.5696089507136745
22214.566121755437,0.8923163696475652
22215.566102224566,0.5357579582260197
22216.5660826937,0.9394362127960286
22217.56606316283,0.9234566530531221
22218.566043631963,0.6548884831252767
22219.566024101092,0.3134436115970711
22220.566004570224,0.7961169127646092
22221.565985039357,0.9413029939327775
22222.565965508486,0.31540825002809747
22223.565945977618,0.741217060040911
22224.56592644675,1.4315936420472348
22225.565906915883,0.7866382945955456
22226.56588738501,0.6504778037826568
22227.565867854144,0.973129966135886
22228.565848323276,0.28426433627390474
22229.56582879241,0.8676516076920594
22230.565809261538,0.34339339297551474
22231.56578973067,0.7739906005808996
22232.565770199803,0.7377220302451305
22233.565750668935,0.9231064858497894
22234.565731138064,0.10921985024152553
22235.565711607196,0.8430701142423814
22236.56569207633,0.02591458218021135
22237.565672545457,0.9422438479560733
22238.56565301459,0.23684251319333774
22239.565633483722,0.5926974230476547
22240.565613952855,0.8019541412245684
22241.565594421983,0.16847277245733383
22242.565574891116,0.6914724453780625
22243.56555536025,1.3322765176692948
22244.56553582938,0.7985502568589256
22245.56551629851,0.8098994362899818
22246.565496767642,0.58670862542559
22247.565477236774,1.7489090803522878
22248.565457705907,0.9734664494219261
22249.565438175036,0.5784116556839471
22250.565418644168,0.5392269534160302
22251.5653991133,1.2486478575689042
22252.565379582433,0.7789142396274489
22253.56536005156,1.27919768647819
22254.565340520694,0.2697601537819034
22255.565320989826,1.2735530536966926
22256.565301458955,0.6589348668491115
22257.565281928088,0.9311790194258386
22258.56526239722,0.28485760313188135
22259.565242866352,0.668266714584234
22260.56522333548,0.7903649015772871
22261.565203804614,0.5289645289391987
22262.565184273746,1.4117653384225273
22263.56516474288,1.0514889114415547
22264.565145212007,0.7624614961962745
22265.56512568114,1.144387763417667
22266.565106150272,0.11353379913286261
22267.565086619405,0.49885056644595027
22268.565067088533,0.5697463887707078
22269.565047557666,0.5671710793301299
22270.5650280268,0.48025856912590226
22271.56500849593,0.7101447280278854
22272.56498896506,1.071939716517886
22273.564969434192,0.36012738130915145
22274.564949903324,0.6695791145092165
22275.564930372453,0.40803011072019985
22276.564910841586,0.17533314773505676
22277.564891310718,0.6494503667116645
22278.56487177985,0.416122493499984
22279.56485224898,0.749424695511321
22280.56483271811,0.45359466500130036
22281.564813187244,0.5249583481501019
22282.564793656376,0.9678638654089101
22283.564774125505,0.8473291305937255
22284.564754594638,0.3583554116020109
22285.56473506377,0.1677107637900132
22286.564715532902,0.40618834653802227
22287.56469600203,0.9224735491929595
22288.564676471164,0.4654584279029219
22289.564656940296,0.6735603571492154
22290.564637409425,0.2837204015869579
22291.564617878557,0.7545349122418507
22292.56459834769,0.3540365172913632
22293.564578816822,0.8346586819620965
22294.56455928595,0.8637165466195468
22295.564539755083,0.45556771675259605
22296.564520224216,0.6196120632588205
22297.56450069335,1.172429420739502
22298.564481162477,0.6338466219829915
22299.56446163161,0.79093243522957
22300.564442100742,0.337681510276815
22301.564422569874,0.8142341436743665
22302.564403039003,0.8620365250755382
22303.564383508136,0.3769902262620726
22304.564363977268,0.24515663373609167
22305.5643444464,0.4004123957282973
22306.56432491553,0.7055367198564695
22307.56430538466,0.6435452479591273
22308.564285853794,0.4351012533743358
22309.564266322923,0.3469117419718698
22310.564246792055,0.3119631875446572
22311.564227261188,0.6753454680737443
22312.56420773032,0.5220814708838869
22313.56418819945,0.4610150716590535
22314.56416866858,0.5834906341192014
22315.564149137714,0.811388658444004
22316.564129606846,0.684391261954587
22317.564110075975,0.3315380876523255
22318.564090545107,0.46168471823421253
22319.56407101424,0.1970129622750033
22320.564051483372,0.15044357069446332
22321.5640319525,0.4687891887189748
22322.564012421633,0.32574127730096114
22323.563992890766,0.25906925511713347
22324.563973359895,0.6731138717867465
22325.563953829027,0.28021502725653386
22326.56393429816,0.6114921958343328
22327.563914767292,0.582107716291678
22328.56389523642,0.4489824714583294
22329.563875705553,0.5641308782092589
22330.563856174685,0.551798191004275
22331.563836643818,0.7427093922611714
22332.563817112947,0.35049186818034217
22333.56379758208,0.7627013317536833
22334.56377805121,0.7030440426750166
22335.563758520344,0.476533582793174
22336.563738989473,0.9685804499447864
22337.563719458605,0.47276515688975856
22338.563699927738,0.5646714281753544
22339.56368039687,0.7663786602441705
22340.563660866,0.5070776994888938
22341.56364133513,0.5792003610350855
22342.563621804264,0.47119139160970125
22343.563602273392,0.43704059824170144
22344.563582742525,0.6298925351040128
22345.563563211657,0.40708674926861715
22346.56354368079,0.7248210416499328
22347.56352414992,0.6305840562323013
22348.56350461905,0.2813998762612322
22349.563485088183,1.0628232397227027
22350.563465557316,0.19203170513431067
22351.563446026445,1.4132830820969167
22352.563426495577,1.0076659573743316
22353.56340696471,0.657502604596723
22354.563387433842,0.9623905697040324
22355.56336790297,1.394782019458183
22356.563348372103,0.2714781550186246
22357.563328841235,0.2005522430485291
22358.563309310368,0.24060689260398183
22359.563289779497,0.3393850750655816
22360.56327024863,0.6417413218400903
22361.56325071776,0.16690376405754243
22362.56323118689,0.5857904214544751
22363.563211656023,0.5215402483470281
22364.563192125155,0.5732941563358689
22365.563172594288,0.8628462334211279
22366.563153063416,0.7553588936153195
22367.56313353255,0.3773943676430912
22368.56311400168,1.0515774332284336
22369.563094470814,0.42616288963472915
22370.563074939942,0.772699765557666
22371.563055409075,0.34783559924513996
22372.563035878207,0.6450620547436854
22373.56301634734,0.5462210899171485
22374.56299681647,0.14705928224974715
22375.5629772856,0.10672806924381166
22376.562957754733,0.682922781280845
22377.562938223862,0.5206347386175477
22378.562918692995,0.7756105233301289
22379.562899162127,0.08366356543592408
22380.56287963126,0.7913402545452461
22381.56286010039,0.6989393291138608
22382.56284056952,0.2667615721662883
22383.562821038653,0.1860494839612745
22384.562801507785,0.6926233780082433
22385.562781976914,0.3012296290076101
22386.562762446047,0.614553089858556
22387.56274291518,0.39608949075343863
22388.56272338431,0.43918874758358045
22389.56270385344,0.37264330049485206
22390.562684322573,0.1415614355230726
22391.562664791705,0.273708387833421
22392.562645260838,0.27382327290295605
22393.562625729966,0.2095033500900536
22394.5626061991,0.8536535260124947
22395.56258666823,0.3671711085989393
22396.56256713736,0.22929893617505526
22397.562547606492,0.35236774191276826
22398.562528075625,0.46349746155188004
22399.562508544757,0.693266253901241
22400.562489013886,0.14332521637048717
22401.56246948302,0.5776414800066934
22402.56244995215,0.4012785009325134
22403.562430421283,0.4294162883624385
22404.562410890412,0.43233533909085353
22405.562391359545,0.23748231760662092
22406.562371828677,0.42034573824928245
22407.56235229781,0.4421637445926475
22408.56233276694,0.5776230739215198
22409.56231323607,0.3360951374511292
22410.562293705203,0.3972541997251137
22411.562274174332,0.09993702108442455
22412.562254643464,0.59608043403939
22413.562235112597,0.5369262830063021
22414.56221558173,0.15731340541414557
22415.562196050858,0.6915896815931937
22416.56217651999,0.22511113753636486
22417.562156989123,0.5203753530953817
22418.562137458255,0.1175832335852574
22419.562117927384,0.49522102997453576
22420.562098396516,0.5896000663872336
22421.56207886565,0.47703525340992653
22422.56205933478,0.5901709747655981
22423.56203980391,0.02376463374671629
22424.562020273042,0.460200945683033
22425.562000742175,0.6011022262750975
22426.561981211307,0.1842029136558851
22427.561961680436,0.547720586585126
22428.56194214957,0.24139385134198776
22429.5619226187,0.7215983799246732
22430.56190308783,0.5261907908616164
22431.561883556962,0.25527346547033186
22432.561864026095,0.37209079188896316
22433.561844495227,0.34988584372975506
22434.561824964356,0.3879054615440865
22435.56180543349,0.4309163250229475
22436.56178590262,0.3605481470165693
22437.561766371753,0.3688203052030266
22438.561746840882,0.4058073933161643
22439.561727310014,0.1886874405806224
22440.561707779147,0.4604727351841819
22441.56168824828,0.6488655481283983
22442.561668717408,0.5179118464843808
22443.56164918654,0.5468001908805626
22444.561629655673,0.451597564642512
22445.5616101248,0.2987834554049602
22446.561590593934,0.38300332606386384
22447.561571063066,0.7505497258412962
22448.5615515322,0.38561176217252824
22449.561532001328,0.47358305332082
22450.56151247046,0.4687761719178386
22451.561492939592,0.6628865448616835
22452.561473408725,0.6089348287140072
22453.561453877854,0.42497313694084016
22454.561434346986,0.5385012594725184
22455.56141481612,0.4699395518708653
22456.56139528525,0.46117302314503816
22457.56137575438,0.3021702044150382
22458.561356223512,0.7124664033369206
22459.561336692645,0.29091235983092134
22460.561317161777,0.3971350416535973
22461.561297630906,0.549088236731025
22462.561278100038,0.5587003667184446
22463.56125856917,0.13712356662995734
22464.5612390383,0.5826440351111212
22465.56121950743,0.25053017515963527
22466.561199976564,0.27647321824402504
22467.561180445697,0.4486417750038221
22468.561160914825,0.15585731679565035
22469.561141383958,0.46139154696459117
22470.56112185309,0.05818988808395139
22471.561102322223,0.40457752726454727
22472.56108279135,0.19761105663091885
22473.561063260484,0.2754586728787989
22474.561043729616,0.45843036524734976
22475.56102419875,0.5102541324464979
22476.561004667878,0.8159758016316602
22477.56098513701,0.22885032622692877
22478.560965606142,0.6242905300477093
22479.560946075275,0.3161666875166449
22480.560926544404,0.25676593216427684
22481.560907013536,0.30615360474234043
22482.56088748267,0.30065670684734197
22483.560867951797,0.745957705177012
22484.56084842093,0.6290753172619924
22485.560828890062,0.4640846904602795
22486.560809359195,0.32422159369338877
22487.560789828323,0.83539818383812
22488.560770297456,0.7444374036187026
22489.560750766588,0.19306123684932394
22490.56073123572,0.3820883052895824
22491.56071170485,0.5993911113649975
22492.56069217398,0.7459969818206784
22493.560672643114,0.5205864089405297
22494.560653112247,0.6287791623623049
22495.560633581375,0.42257770912673925
22496.560614050508,0.29723870594905494
22497.56059451964,0.743432167613211
22498.56057498877,0.3879534037344455
22499.5605554579,0.4727660266383654
22500.560535927034,0.17470414723149408
22501.560516396166,0.5060093132158255
22502.560496865295,0.49545041715532184
22503.560477334428,0.306831174458327
22504.56045780356,0.6269638813403573
22505.560438272692,0.47249085383190226
22506.56041874182,0.4485366245420964
22507.560399210954,0.19157094735643782
22508.560379680086,0.4633051857450695
22509.56036014922,0.2284448800767439
22510.560340618347,0.2802090230745703
22511.56032108748,0.2160275415572521
22512.560301556612,0.4370508879166361
22513.560282025745,0.413883641019706
22514.560262494873,0.5491038139742487
22515.560242964006,0.42236231346976993
22516.560223433138,0.44308387521603704
22517.560203902267,0.08694402264946588
22518.5601843714,0.2520987754598733
22519.56016484053,0.37252181426212566
22520.560145309664,0.23331912031009833
22521.560125778793,0.4309410275036622
22522.560106247925,0.5199636145483292
22523.560086717058,0.42086709776290576
22524.56006718619,0.56100422932927
22525.56004765532,0.46934159899595745
22526.56002812445,0.4719445747540114
22527.560008593584,0.5525683772573355
22528.559989062716,0.4447217507231126
22529.559969531845,0.5373231634543519
22530.559950000978,0.3844778352893372
22531.55993047011,0.45229070100951746
22532.55991093924,0.10157745295279988
22533.55989140837,0.48577752208232383
22534.559871877504,0.4555736944877369
22535.559852346636,0.19891721106056726
22536.559832815765,0.44558047453278593
22537.559813284897,0.217122063490208
22538.55979375403,0.2203014160172066
22539.559774223162,0.27945902257815464
22540.55975469229,0.5399937348259015
22541.559735161423,0.7241585775708169
22542.559715630556,0.3313862830870025
22543.559696099688,0.6293993992408322
22544.559676568817,0.21693763091191018
22545.55965703795,0.604867728758105
22546.55963750708,0.0453233823585461
22547.559617976214,0.6175196463952236
22548.559598445343,0.24607566838533834
22549.559578914475,0.29074533604042374
22550.559559383608,0.2251303847778991
22551.559539852737,0.28172683583286495
22552.55952032187,0.8517739808746211
22553.559500791,0.35416629573347735
22554.559481260134,0.45218653439371864
22555.559461729263,0.32144170615572637
22556.559442198395,0.40280468667503033
22557.559422667528,1.1385914329120412
22558.55940313666,0.31000267021080824
22559.55938360579,0.6770615508910333
22560.55936407492,0.21461606078189052
22561.559344544054,0.6273314492336426
22562.559325013186,0.5593817159690434
22563.559305482315,0.3220184038594233
22564.559285951447,0.25291366954056765
22565.55926642058,0.3558899359683796
22566.55924688971,0.41278699032663596
22567.55922735884,0.4405326007507891
22568.559207827973,0.7090899917906884
22569.559188297106,0.4625298816881889
22570.559168766235,0.4328495913533107
22571.559149235367,0.28060903223701417
22572.5591297045,0.506265746399493
22573.55911017363,0.5687254720974961
22574.55909064276,0.4001145188583618
22575.559071111893,0.572504580272788
22576.559051581025,0.48255313363256136
22577.559032050158,0.448219120205531
22578.559012519287,0.5238211247401797
22579.55899298842,0.35505074053704816
22580.55897345755,0.8181133289338552
22581.558953926684,0.7587587458784151
22582.558934395813,0.5331687396675938
22583.558914864945,0.22709681730819617
22584.558895334078,0.3399536841108764
22585.558875803206,0.22346671144364752
22586.55885627234,0.6123294698049909
22587.55883674147,0.7266955413557981
22588.558817210604,0.26724828193570427
22589.558797679732,0.15735951767573897
22590.558778148865,0.44659656201014664
22591.558758617997,0.10604370641145533
22592.55873908713,0.9281502569975876
22593.55871955626,0.2944192083494714
22594.55870002539,0.5349642275902409
22595.558680494523,0.4524519731626334
22596.558660963656,0.33654103660644574
22597.558641432784,0.3586161000620633
22598.558621901917,0.5320417532257885
22599.55860237105,0.22921928491497762
22600.55858284018,0.19285031505029346
22601.55856330931,0.49343801788694364
22602.558543778443,0.3311076153102449
22603.558524247575,0.6016955065004062
22604.558504716704,0.12153660307307299
22605.558485185837,0.6071236343663087
22606.55846565497,0.640199278289154
22607.5584461241,0.4199491912496242
22608.55842659323,0.38849201169142045
22609.558407062363,0.48157799865295087
22610.558387531495,0.5496054547889918
22611.558368000628,0.31378462221494785
22612.558348469756,0.49047539920941147
22613.55832893889,0.5483912350494966
22614.55830940802,0.461550769497086
22615.558289877154,0.1576830725712341
22616.558270346282,0.5097351869714115
22617.558250815415,0.5650786298099147
22618.558231284547,0.16738501596189803
22619.558211753676,0.3478027221458815
22620.55819222281,0.31991442683941257
22621.55817269194,0.4693360949775499
22622.558153161073,0.3231786660129316
22623.558133630202,0.16853673075411543
22624.558114099334,0.4994187703403582
22625.558094568467,0.28245713433003455
22626.5580750376,0.4370473417983762
22627.558055506728,0.24708496059552362
22628.55803597586,0.18801442193865683
22629.558016444993,0.7254817444398779
22630.557996914125,0.43225716978093215
22631.557977383254,0.5172003119505518
22632.557957852387,0.5637427241805918
22633.55793832152,0.4624299768527564
22634.55791879065,0.5490090067877093
22635.55789925978,0.6322896808885348
22636.557879728913,0.3340381102357947
22637.557860198045,0.3625193647155361
22638.557840667174,0.6859701949163588
22639.557821136306,0.3492107914807233
22640.55780160544,0.7151783438713867
22641.55778207457,0.5172007959111785
22642.5577625437,0.7378010603955969
22643.557743012832,0.2921759019531038
22644.557723481965,0.5845146752721077
22645.557703951097,0.7889585241481433
22646.557684420226,0.3543645796582263
22647.55766488936,0.5592601315328944
22648.55764535849,0.557235393937829
22649.557625827623,0.4468323959676065
22650.557606296752,0.09041542846190415
22651.557586765884,0.23688894931827717
22652.557567235017,0.6700561003203915
22653.557547704146,0.22362801563501022
22654.557528173278,0.2586856104783149
22655.55750864241,0.3906538732436103
22656.557489111543,0.6484889176977883
22657.55746958067,0.4314597676897802
22658.557450049804,0.32104679822514515
22659.557430518937,0.2551686249730202
22660.55741098807,0.40607444580267843
22661.557391457198,0.27726697091782976
22662.55737192633,0.1798740062570738
22663.557352395463,0.31251638762142864
22664.557332864595,0.5622540108295847
22665.557313333724,0.17077296245510368
22666.557293802856,0.4570032293465735
22667.55727427199,0.7263500191145583
22668.55725474112,0.5907418368625165
22669.55723521025,0.6099954820126067
22670.557215679382,0.44154568522718757
22671.557196148515,0.2523831832720401
22672.557176617644,0.393264630101999
22673.557157086776,0.3699736921723607
22674.55713755591,0.5632117118982669
22675.55711802504,0.1216911752607885
22676.55709849417,0.4907178548500012
22677.557078963302,0.2915390229850411
22678.557059432434,0.023628651230175834
22679.557039901567,0.4546286632798431
22680.557020370696,0.44527431009600776
22681.557000839828,0.35853808775472457
22682.55698130896,0.2807708233745219
22683.556961778093,0.6032294873491632
22684.55694224722,0.380652846064823
22685.556922716354,0.21346498326518284
22686.556903185487,0.15867925837820684
22687.55688365462,0.02255590986771659
22688.556864123748,0.5123243414762408
22689.55684459288,0.19213613642624897
22690.556825062013,0.3849078139704062
22691.55680553114,0.6168229959841922
22692.556786000274,0.3176031322213901
22693.556766469406,0.5146257321952912
22694.55674693854,0.18394730291522912
22695.556727407667,0.332085853028069
22696.5567078768,0.24528408174665725
22697.556688345932,0.6040820598149546
22698.556668815065,0.360876737560828
22699.556649284194,0.3423212251441843
22700.556629753326,0.2603551045935181
22701.55661022246,0.3022212807459053
22702.55659069159,0.4161166578089246
22703.55657116072,0.36769096929302564
22704.556551629852,0.1816972244815331
22705.556532098984,0.4051014516364728
22706.556512568113,0.2635184435147969
22707.556493037246,0.40271607279272287
22708.556473506378,0.15041901454312873
22709.55645397551,0.47287648805202964
22710.55643444464,0.35974868454059045
22711.55641491377,0.24024022908374557
22712.556395382904,0.45552695960430123
22713.556375852037,0.4800367135926406
22714.556356321165,0.5378268782750375
22715.556336790298,0.5241616672082731
22716.55631725943,0.5163169015595378
22717.556297728563,0.23865650224031912
22718.55627819769,0.25219341658255645
22719.556258666824,0.39282253661850136
22720.556239135956,0.4032249702990549
22721.55621960509,0.31692956179215154
22722.556200074217,0.5657648707962322
22723.55618054335,0.45468803728061324
22724.556161012482,0.36902812337966623
22725.55614148161,0.28532876159771015
22726.556121950744,0.13740774050318583
22727.556102419876,0.3706523201070977
22728.55608288901,0.43416541815748655
22729.556063358137,0.09849926109222229
22730.55604382727,0.47284314387962917
22731.556024296402,0.40074733124719897
22732.556004765534,0.22368941557354266
22733.555985234663,0.7147281426699045
22734.555965703796,0.20158747685946632
22735.555946172928,0.5705966047847545
22736.55592664206,0.5324055771069085
22737.55590711119,0.3082082108182186
22738.55588758032,0.10242749695313356
22739.555868049454,0.757321624105458
22740.555848518583,0.5192612081249982
22741.555828987715,0.3092159664792391
22742.555809456848,0.09420632848505005
22743.55578992598,0.5034341362453453
22744.55577039511,0.38289834428972186
22745.55575086424,0.39550187975878043
22746.555731333374,0.6567542951299085
22747.555711802506,0.5318227092418887
22748.555692271635,0.54858222676344
22749.555672740767,0.45594013521626786
22750.5556532099,0.4352881630727036
22751.555633679032,0.3698297627980539
22752.55561414816,0.19107477306147244
22753.555594617294,0.5006755415679923
22754.555575086426,0.4930383604532318
22755.55555555556,0.5417706251150294
22756.555536024687,0.16928324991586483
22757.55551649382,0.46903670829800853
22758.555496962952,0.40785888130170134
22759.55547743208,0.2486098442963005
22760.555457901213,0.3672064699169021
22761.555438370346,0.4445857696684909
22762.555418839478,0.20983602949383093
22763.555399308607,0.5015735427484844
22764.55537977774,0.3429573815207257
22765.55536024687,0.436065134578416
22766.555340716004,0.31191745326476455
22767.555321185133,0.5137265183480219
22768.555301654265,0.565584321230276
22769.555282123398,0.38573756972252077
22770.55526259253,0.47721145463197
22771.55524306166,0.48830291884957194
22772.55522353079,0.22985745512190303
22773.555203999924,0.6257334679941291
22774.555184469053,0.5718487740462742
22775.555164938185,0.3832396171235149
22776.555145407317,0.2976594717036376
22777.55512587645,0.5680028878653383
22778.55510634558,0.5123859446597249
22779.55508681471,0.46811384257065136
22780.555067283844,0.20076227479572986
22781.555047752976,0.7293223369367341
22782.555028222105,0.4643684478530598
22783.555008691237,0.23813802716437693
22784.55498916037,0.4592319560128547
22785.554969629502,0.35595027494919257
22786.55495009863,0.4767277772372539
22787.554930567763,0.31900094541986035
22788.554911036896,0.07054462799287209
22789.554891506028,0.5738448236209835
22790.554871975157,0.302056775187272
22791.55485244429,0.15158140617135918
22792.55483291342,0.5913655665338112
22793.55481338255,0.15636351922922287
22794.554793851683,0.23982488719938505
22795.554774320815,0.6707489171677747
22796.554754789948,0.46200220909130507
22797.554735259077,0.2683196683222298
22798.55471572821,0.07425395558879505
22799.55469619734,0.4059327766356103
22800.554676666474,0.4967362998271998
22801.554657135603,0.4663128032531079
22802.554637604735,0.44950834848659116
22803.554618073867,0.36040476912218466
22804.554598543,0.2612373274544885
22805.55457901213,0.4116957172225997
22806.55455948126,0.40668373929138335
22807.554539950394,0.2260204374300347
22808.554520419526,0.3770844594538519
22809.554500888655,0.2012793009710921
22810.554481357787,0.3025487217186153
22811.55446182692,0.5031508165011506
22812.55444229605,0.2398170175848611
22813.55442276518,0.5472063369055681
22814.554403234313,0.3943715428625241
22815.554383703446,0.42383434155444316
22816.554364172574,0.4441178970184146
22817.554344641707,0.140467781910611
22818.55432511084,0.4983894926948389
22819.55430557997,0.4848208825333408
22820.5542860491,0.1883402926616204
22821.554266518233,0.6132770547122519
22822.554246987365,0.5013935037032977
22823.554227456498,0.20535739508188733
22824.554207925627,0.3783315849576962
22825.55418839476,0.45537149345773337
22826.55416886389,0.3413985906665672
22827.55414933302,0.3160794879091763
22828.554129802153,0.4005309423270845
22829.554110271285,0.5607452735222461
22830.554090740417,0.4530403843679217
22831.554071209546,0.2312976203831415
22832.55405167868,0.2585616814246058
22833.55403214781,0.1446012637743738
22834.554012616944,0.30760732462272894
22835.553993086072,0.48103779241169853
22836.553973555205,0.2287454101075751
22837.553954024337,0.5986855169325621
22838.55393449347,0.20595101579557568
22839.5539149626,0.4332808166555074
22840.55389543173,0.3993541128660451
22841.553875900863,0.3305954907118045
22842.553856369996,0.4248457612476343
22843.553836839124,0.16761515902858778
22844.553817308257,0.5622845460005332
22845.55379777739,0.5886319791191995
22846.553778246518,0.45497888324667807
22847.55375871565,0.4502494721305923
22848.553739184783,0.302812327936161
22849.553719653915,0.3035948069448131
22850.553700123044,0.3725095918653207
22851.553680592177,0.4469461609508841
22852.55366106131,0.4392712699901232
22853.55364153044,0.42030423506866377
22854.55362199957,0.35734422645087116
22855.553602468703,0.2466660436345368
22856.553582937835,0.34308808236943594
22857.553563406967,0.6037716171091969
22858.553543876096,0.5002332324799602
22859.55352434523,0.8374785102996534
22860.55350481436,0.3171312059900527
22861.55348528349,0.28015671618890853
22862.553465752622,0.37361890186531516
22863.553446221755,0.2828318049547842
22864.553426690887,0.5274057267911046
22865.553407160016,0.40000923666447613
22866.55338762915,0.5788149805569903
22867.55336809828,0.64489445071376
22868.553348567413,0.23782733145337825
22869.553329036542,0.5758578252026627
22870.553309505674,0.13851797166529056
22871.553289974807,0.22860842485397515
22872.55327044394,0.5341367221269095
22873.553250913068,0.34748336479594893
22874.5532313822,0.2565764611113966
22875.553211851333,0.5323871310136892
22876.553192320465,0.43137329290032383
22877.553172789594,0.23051522403494915
22878.553153258727,0.47937378789238855
22879.55313372786,0.29178857862331314
22880.553114196988,0.4049728487292363
22881.55309466612,0.3788457231062136
22882.553075135253,0.5402849097855996
22883.553055604385,0.5304501734700063
22884.553036073514,0.5147601413516177
22885.553016542646,0.3826386964563834
22886.55299701178,0.40393791424701964
22887.55297748091,0.3138989327646209
22888.55295795004,0.22755858866697362
22889.552938419172,0.3728641359621042
22890.552918888305,0.5530448991169205
22891.552899357437,0.22777210139329943
22892.552879826566,0.39321482027069266
22893.5528602957,0.2972111769757965
22894.55284076483,0.5084513389991844
22895.552821233963,0.2838462799305579
22896.552801703092,0.48913855195540906
22897.552782172224,0.3192882390304328
22898.552762641357,0.1717161986019915
22899.552743110486,0.4513517541735613
22900.552723579618,0.3074359481908367
22901.55270404875,0.27651051676357674
22902.552684517883,0.2945767699223584
22903.55266498701,0.4294608605461288
22904.552645456144,0.40756817959539543
22905.552625925277,0.24138467640539427
22906.55260639441,0.5680677052199917
22907.552586863538,0.23224156331185858
22908.55256733267,0.36144681688823566
22909.552547801803,0.5142638250613653
22910.552528270935,0.510686890745602
22911.552508740064,0.04710535884616998
22912.552489209196,0.3882609479162288
22913.55246967833,0.4349308852722405
22914.552450147457,0.4288238656937312
22915.55243061659,0.5041025948726005
22916.552411085722,0.5579900430878308
22917.552391554855,0.5380493276085977
22918.552372023983,0.3501450341979714
22919.552352493116,0.24842901855547048
22920.55233296225,0.23180244367527408
22921.55231343138,0.4999101480159616
22922.55229390051,0.521216030780768
22923.552274369642,0.49146951746626194
22924.552254838774,0.31420853770555923
22925.552235307907,0.6317016989235793
22926.552215777036,0.3967102255794021
22927.552196246168,0.4131993431545546
22928.5521767153,0.49952336723914165
22929.552157184433,0.41303022036065556
22930.55213765356,0.4389440780190876
22931.552118122694,0.2927249342512813
22932.552098591827,0.2659987992717163
22933.552079060955,0.3481894200417949
22934.552059530088,0.2862722348552432
22935.55203999922,0.26510734548899745
22936.552020468353,0.40082900657385084
22937.55200093748,0.43000997951020514
22938.551981406614,0.38257468294070646
22939.551961875746,0.35817136065630306
22940.55194234488,0.3983816440574991
22941.551922814007,0.25758884700243057
22942.55190328314,0.4122252114708544
22943.551883752272,0.2394902588215709
22944.551864221405,0.522966598001174
22945.551844690533,0.45889941556587727
22946.551825159666,0.3723766547546962
22947.5518056288,0.5175380392236297
22948.551786097927,0.39546179222982836
22949.55176656706,0.5269722498843588
22950.551747036192,0.29098621363530386
22951.551727505324,0.39335202410855474
22952.551707974453,0.5162172238924925
22953.551688443586,0.4776395899210261
22954.551668912718,0.27803026187361524
22955.55164938185,0.4156466796162001
22956.55162985098,0.22170711382077704
22957.55161032011,0.30935913461985287
22958.551590789244,0.34139929028375265
22959.551571258376,0.2987147294360425
22960.551551727505,0.5183052403811044
22961.551532196638,0.17558363731567508
22962.55151266577,0.07777920258078219
22963.551493134903,0.3014032229136773
22964.55147360403,0.30574763605439903
22965.551454073164,0.2820321570459853
22966.551434542296,0.31916278069866466
22967.551415011425,0.37674343431058377
22968.551395480557,0.2895488989851417
22969.55137594969,0.4225222455257876
22970.551356418822,0.26811184512153
22971.55133688795,0.2860681940028459
22972.551317357083,0.6569134009196151
22973.551297826216,0.5661936941062213
22974.55127829535,0.45133527560046094
22975.551258764477,0.15327611328615792
22976.55123923361,0.385664999618554
22977.551219702742,0.3829932708955449
22978.551200171874,0.15795087982392347
22979.551180641003,0.51568284124586
22980.551161110136,0.29811053869194976
22981.551141579268,0.5631145676568873
22982.551122048397,0.4908295270521661
22983.55110251753,0.525382730322634
22984.55108298666,0.5791442079039512
22985.551063455794,0.41441950668408734
22986.551043924923,0.5319954847004932
22987.551024394055,0.44483800335853485
22988.551004863188,0.3542683812018918
22989.55098533232,0.3358162042712238
22990.55096580145,0.3070161273425714
22991.55094627058,0.4059333250738829
22992.550926739714,0.41139494790519576
22993.550907208846,0.26766677509084696
22994.550887677975,0.32974460538255623
22995.550868147107,0.31327447944590875
22996.55084861624,0.45753228444095356
22997.550829085372,0.4340076347068372
22998.5508095545,0.5713161301988544
22999.550790023633,0.30021310186105454
23000.550770492766,0.22136239533397473
23001.550750961895,0.39409452702967773
23002.550731431027,0.36873550860611004
23003.55071190016,0.4830702222198952
23004.550692369292,0.30011114392779503
23005.55067283842,0.35725114140843967
23006.550653307553,0.4347769620965079
23007.550633776686,0.34459595057914477
23008.550614245818,0.36334933620122634
23009.550594714947,0.5193302645769604
23010.55057518408,0.39931534644964517
23011.55055565321,0.30153088162862607
23012.550536122344,0.29674105521171557
23013.550516591473,0.32346510698632785
23014.550497060605,0.2791130433412679
23015.550477529738,0.4546556044008762
23016.55045799887,0.3716400868635436
23017.550438468,0.4209401122021464
23018.55041893713,0.4045856341138248
23019.550399406264,0.5064735113370815
23020.550379875393,0.36105559366215123
23021.550360344525,0.2893574995921576
23022.550340813657,0.35512633198257765
23023.55032128279,0.47533420981436275
23024.55030175192,0.31286219484102157
23025.55028222105,0.45262157185569646
23026.550262690183,0.5126236613692083
23027.550243159316,0.17480928632514864
23028.550223628445,0.24427820593557442
23029.550204097577,0.528449688924532
23030.55018456671,0.13790761898509393
23031.550165035842,0.40850722666505296
23032.55014550497,0.3709774528712545
23033.550125974103,0.5769039985912506
23034.550106443236,0.4133937870228952
23035.550086912364,0.4124527689118595
23036.550067381497,0.4824132363052559
23037.55004785063,0.4465868702913442
23038.55002831976,0.39012930870341267
23039.55000878889,0.26349484243608023
23040.549989258023,0.45243774950056226
23041.549969727155,0.4251812105748687
23042.549950196288,0.28943483292855726
23043.549930665416,0.3098832360139314
23044.54991113455,0.3700050831901351
23045.54989160368,0.3152953631643548
23046.549872072814,0.25433603447106934
23047.549852541943,0.4697688515618994
23048.549833011075,0.3243824529098691
23049.549813480207,0.3662364585118623
23050.54979394934,0.11785669916537332
23051.54977441847,0.2752966580171124
23052.5497548876,0.3891893630731495
23053.549735356733,0.23845119827662561
23054.549715825862,0.3432357680368249
23055.549696294995,0.34776463532126517
23056.549676764127,0.4769460355454262
23057.54965723326,0.40800377284053074
23058.54963770239,0.4090634289794157
23059.54961817152,0.30498159360410776
23060.549598640653,0.230661594047967
23061.549579109786,0.5296685114451036
23062.549559578914,0.495690577658916
23063.549540048047,0.18105448247324202
23064.54952051718,0.41313821554830127
23065.54950098631,0.591238580437603
23066.54948145544,0.37596600262492597
23067.549461924573,0.457903060733456
23068.549442393705,0.4516702956074138
23069.549422862834,0.22707902838627936
23070.549403331966,0.4081121938110527
23071.5493838011,0.36313053461972417
23072.54936427023,0.47940915307066345
23073.54934473936,0.35208216400757536
23074.549325208493,0.33109492217003167
23075.549305677625,0.4008370073415613
23076.549286146757,0.41499095165184413
23077.549266615886,0.48552698637444175
23078.54924708502,0.6089228570021857
23079.54922755415,0.6564714273422356
23080.549208023283,0.35164572371941144
23081.549188492412,0.3404595405509735
23082.549168961545,0.3157566646403731
23083.549149430677,0.38091771152756315
23084.54912989981,0.22528829378786358
23085.54911036894,0.3609181384713876
23086.54909083807,0.3294547801867155
23087.549071307203,0.2583989635484786
23088.549051776332,0.3399559183068975
23089.549032245464,0.15112898650430892
23090.549012714597,0.3113071638927548
23091.54899318373,0.37156258500974537
23092.548973652858,0.3738759742846521
23093.54895412199,0.35461802426052386
23094.548934591123,0.3446058919113041
23095.548915060255,0.4313142045582637
23096.548895529384,0.37662288531558824
23097.548875998516,0.44241044929025436
23098.54885646765,0.3485787711443969
23099.54883693678,0.3744352567397635
23100.54881740591,0.4567838799993311
23101.548797875043,0.3318594650037886
23102.548778344175,0.4165375593341603
23103.548758813304,0.4955427056679164
23104.548739282436,0.2735068428777378
23105.54871975157,0.31420555853740717
23106.5487002207,0.3801839344613974
23107.54868068983,0.48818449499635747
23108.548661158962,0.28084707881513504
23109.548641628095,0.35279331163832317
23110.548622097227,0.5898687973975332
23111.548602566356,0.3207149266006682
23112.54858303549,0.2583883797011236
23113.54856350462,0.33731284134715545
23114.548543973753,0.24875874189919836
23115.548524442882,0.2748018981186018
23116.548504912014,0.31509716932357373
23117.548485381147,0.5668938431715136
23118.54846585028,0.40851152916077416
23119.548446319408,0.4344467324850013
23120.54842678854,0.37942951699820887
23121.548407257673,0.2252294160532663
23122.5483877268,0.22966608056286725
23123.548368195934,0.32491253183867513
23124.548348665066,0.2638555430723311
23125.5483291342,0.2932744354203912
23126.548309603328,0.32565725033715676
23127.54829007246,0.5196942093240479
23128.548270541593,0.4585842679418468
23129.548251010725,0.24121085246009089
23130.548231479854,0.43371357565617175
23131.548211948986,0.3218664345236637
23132.54819241812,0.4136150547929848
23133.54817288725,0.4277940682564858
23134.54815335638,0.4840538436453633
23135.548133825512,0.32851123829082035
23136.548114294645,0.2103150716323215
23137.548094763777,0.3869991935305304
23138.548075232906,0.46703938424948516
23139.54805570204,0.42608462103923755
23140.54803617117,0.4212329893468025
23141.5480166403,0.4484466308295078
23142.547997109432,0.2636550951816452
23143.547977578564,0.41246676317659214
23144.547958047697,0.36174100860670677
23145.547938516826,0.41681757720918644
23146.547918985958,0.42702564414296523
23147.54789945509,0.4702799547417389
23148.547879924223,0.37256468620756955
23149.54786039335,0.3752056060436069
23150.547840862484,0.6193024749099938
23151.547821331616,0.33161953310248754
23152.54780180075,0.46933821070702975
23153.547782269878,0.2816106691373658
23154.54776273901,0.48513101449927937
23155.547743208142,0.4150794071294224
23156.54772367727,0.41110779416806165
23157.547704146404,0.38470687391133424
23158.547684615536,0.3987248574710742
23159.54766508467,0.48043087856649835
23160.547645553797,0.5182333109958238
23161.54762602293,0.45448746964969816
23162.547606492062,0.16667352969153984
23163.547586961195,0.2240400729815267
23164.547567430323,0.48536663374629774
23165.547547899456,0.3519741710867066
23166.54752836859,0.33280197239379194
23167.54750883772,0.4865386388459031
23168.54748930685,0.19198869780001937
23169.547469775982,0.36823650553542586
23170.547450245114,0.3809786792569343
23171.547430714247,0.4517346514326717
23172.547411183376,0.3113025101115818
23173.547391652508,0.2835657760720896
23174.54737212164,0.2911100381062878
23175.54735259077,0.4080668392221549
23176.5473330599,0.49283568124798677
23177.547313529034,0.36107595208243476
23178.547293998166,0.3232713989119352
23179.547274467295,0.3515302784279492
23180.547254936428,0.44420291449061644
23181.54723540556,0.3440604145617386
23182.547215874692,0.28765657252514854
23183.54719634382,0.18723356348480244
23184.547176812954,0.3310794192286903
23185.547157282086,0.4712186498254875
23186.54713775122,0.27213535149716145
23187.547118220347,0.3923287050697403
23188.54709868948,0.2522847707382272
23189.547079158612,0.13598585757287177
23190.54705962774,0.4434207986518554
23191.547040096873,0.43341906420906195
23192.547020566006,0.30272801518304615
23193.54700103514,0.3510251912649853
23194.546981504267,0.5063361507605987
23195.5469619734,0.09904260760218683
23196.546942442532,0.4924665603937416
23197.546922911664,0.3743578534788646
23198.546903380793,0.43525347726960817
23199.546883849926,0.36819534268600834
23200.546864319058,0.22554590828368484
23201.54684478819,0.3652975395965235
23202.54682525732,0.2229728748464111
23203.54680572645,0.31556170399777994
23204.546786195584,0.22917842471623473
23205.546766664716,0.40908285506989617
23206.546747133845,0.4141941717871499
23207.546727602978,0.23664009679751788
23208.54670807211,0.3359108623654159
23209.54668854124,0.36138944152396946
23210.54666901037,0.3419477834907437
23211.546649479504,0.38451749054524137
23212.546629948636,0.36533254431620243
23213.546610417765,0.3196950729038108
23214.546590886897,0.3077139732941572
23215.54657135603,0.4668674780765982
23216.546551825162,0.3575546183956095
23217.54653229429,0.3521766553511416
23218.546512763423,0.4134684334293479
23219.546493232556,0.4070887324937949
23220.54647370169,0.3185298410509553
23221.546454170817,0.2784794378779574
23222.54643463995,0.4710893624883963
23223.546415109082,0.46590875790935
23224.546395578214,0.359885691747657
23225.546376047343,0.36126202736211555
23226.546356516475,0.40693574437162766
23227.546336985608,0.33971088007728273
23228.546317454737,0.3949593261861947
23229.54629792387,0.3797072798092728
23230.546278393,0.4256728939463891
23231.546258862134,0.42510003378588007
23232.546239331263,0.4557554234869025
23233.546219800395,0.4434560162154546
23234.546200269528,0.44805373999271364
23235.54618073866,0.4488398464272595
23236.54616120779,0.4307346196361022
23237.54614167692,0.3717921380826648
23238.546122146054,0.3324377449552291
23239.546102615186,0.4169317510754906
23240.546083084315,0.4484851579022334
23241.546063553447,0.4277129731455643
23242.54604402258,0.2878790125471973
23243.54602449171,0.3560257736074318
23244.54600496084,0.3542306143860672
23245.545985429973,0.3222351129599006
23246.545965899106,0.4021729850583349
23247.545946368235,0.3800257099920753
23248.545926837367,0.41896452126061634
23249.5459073065,0.21370825004920488
23250.545887775632,0.37519800469426934
23251.54586824476,0.24762598923876192
23252.545848713893,0.14746136828559228
23253.545829183025,0.26820103050091115
23254.545809652158,0.39576719407060956
23255.545790121287,0.4280106427324604
23256.54577059042,0.39584858506636694
23257.54575105955,0.45169567217973666
23258.545731528684,0.3595182900673177
23259.545711997813,0.39542961693295137
23260.545692466945,0.3627710332275795
23261.545672936078,0.28150100362227576
23262.545653405206,0.376384989991342
23263.54563387434,0.3296770457688756
23264.54561434347,0.3732371117346202
23265.545594812604,0.22221791772095115
23266.545575281732,0.3175125713904439
23267.545555750865,0.3503861099927168
23268.545536219997,0.27189596472076655
23269.54551668913,0.37769756358529993
23270.54549715826,0.33910364769226803
23271.54547762739,0.31442475950816107
23272.545458096523,0.42477411806880916
23273.545438565656,0.35755264558555966
23274.545419034785,0.23072056789875292
23275.545399503917,0.3469328287669825
23276.54537997305,0.3595102420160589
23277.54536044218,0.4099928017055619
23278.54534091131,0.41775202044318654
23279.545321380443,0.3127573127940028
23280.545301849575,0.34609898431421005
23281.545282318704,0.40935714736886425
23282.545262787837,0.36920040725229525
23283.54524325697,0.2910934706397304
23284.5452237261,0.20421830733747823
23285.54520419523,0.3467397052026716
23286.545184664363,0.4147029725380042
23287.545165133495,0.3037766816587471
23288.545145602628,0.304732901877762
23289.545126071756,0.3417740369949856
23290.54510654089,0.3019014544642316
23291.54508701002,0.387343450988012
23292.545067479154,0.3041255320502075
23293.545047948282,0.2674429136786196
23294.545028417415,0.2786508518314811
23295.545008886547,0.42822535845968585
23296.544989355676,0.38159101452823746
23297.54496982481,0.25626977578206106
23298.54495029394,0.4383586969544198
23299.544930763073,0.40354544289406413
23300.544911232202,0.25726077222101607
23301.544891701335,0.4299129996272314
23302.544872170467,0.32275282730798993
23303.5448526396,0.46456742467171436
23304.54483310873,0.4425979111779389
23305.54481357786,0.34034403311033606
23306.544794046993,0.31001431046674055
23307.544774516125,0.4374217105181142
23308.544754985254,0.4845913969310042
23309.544735454387,0.4346939710833766
23310.54471592352,0.4043163726663124
23311.544696392648,0.3927548397867132
23312.54467686178,0.3894283252566667
23313.544657330913,0.3643369191656965
23314.544637800045,0.4469509917717153
23315.544618269174,0.22912565345584182
23316.544598738306,0.4092017365904837
23317.54457920744,0.4447084582505047
23318.54455967657,0.3309650340933777
23319.5445401457,0.486838581496865
23320.544520614832,0.2897866810822019
23321.544501083965,0.4255135770849273
23322.544481553097,0.2612595688473402
23323.544462022226,0.31750801294902936
23324.54444249136,0.4433923743341035
23325.54442296049,0.3881475621197383
23326.544403429623,0.3482651102636938
23327.544383898752,0.41863385083932225
23328.544364367885,0.27629319352905973
23329.544344837017,0.44953774145887787
23330.544325306146,0.3641348521288591
23331.54430577528,0.37900525544169916
23332.54428624441,0.45030123236209235
23333.544266713543,0.31428218532369556
23334.544247182672,0.41226435897838515
23335.544227651804,0.47985810492262015
23336.544208120937,0.2878879836728428
23337.54418859007,0.15615592367415046
23338.544169059198,0.32019427833999825
23339.54414952833,0.3762096577185592
23340.544129997463,0.4249230283434368
23341.544110466595,0.2914613930288904
23342.544090935724,0.26139230017641923
23343.544071404856,0.37614732040106263
23344.54405187399,0.4216538095174531
23345.54403234312,0.4737699109484543
23346.54401281225,0.4352554866773979
23347.543993281382,0.34767973869875246
23348.543973750515,0.4495373748505546
23349.543954219644,0.4406265789170437
23350.543934688776,0.23540675556662793
23351.54391515791,0.4124047979530298
23352.54389562704,0.3632565551275074
23353.54387609617,0.25324326330023306
23354.543856565302,0.3944762043840119
23355.543837034435,0.2973128656842766
23356.543817503567,0.29488197951378065
23357.543797972696,0.4959432290242312
23358.543778441828,0.41615142212695005
23359.54375891096,0.4306165458223643
23360.543739380093,0.4982467890829041
23361.54371984922,0.34114195870424097
23362.543700318354,0.30324153929666553
23363.543680787487,0.4622658813754545
23364.543661256615,0.2654206648729283
23365.543641725748,0.44034015045847
23366.54362219488,0.3743243500477076
23367.543602664013,0.2616342279136362
23368.54358313314,0.423206261298311
23369.543563602274,0.2550570669290498
23370.543544071406,0.2922740603741826
23371.54352454054,0.4503360902207044
23372.543505009668,0.302388876633479
23373.5434854788,0.38661730737597616
23374.543465947932,0.3259221259323504
23375.543446417065,0.3836757282350398
23376.543426886194,0.3729664801645466
23377.543407355326,0.3652319846519902
23378.54338782446,0.4175006772183202
23379.54336829359,0.2687353006426471
23380.54334876272,0.33254527766519215
23381.543329231852,0.3995478131133956
23382.543309700985,0.3407582118531742
23383.543290170113,0.4344440295848773
23384.543270639246,0.2227284496942951
23385.543251108378,0.20250463020282386
23386.54323157751,0.3178814755037041
23387.54321204664,0.33124316784555285
23388.54319251577,0.38450763474933225
23389.543172984904,0.46493637843631386
23390.543153454037,0.3506602714860387
23391.543133923165,0.40189979256329006
23392.543114392298,0.24801578833840787
23393.54309486143,0.3179770341787693
23394.543075330563,0.4475644797975431
23395.54305579969,0.40494857779591537
23396.543036268824,0.4230247050027097
23397.543016737956,0.47873848163687194
23398.542997207085,0.3104452629449557
23399.542977676218,0.3741372676977268
23400.54295814535,0.30837591493741645
23401.542938614482,0.36595536187527267
23402.54291908361,0.33712707111933216
23403.542899552744,0.3782560476434456
23404.542880021876,0.3681673616640712
23405.54286049101,0.2804838543673124
23406.542840960137,0.3553386718320196
23407.54282142927,0.2838651072702278
23408.542801898402,0.34678566778456427
23409.542782367535,0.4114265164754647
23410.542762836663,0.39810824675651973
23411.542743305796,0.4034977122326145
23412.542723774928,0.3379892028687471
23413.54270424406,0.38923150869071477
23414.54268471319,0.36066498626280474
23415.54266518232,0.3105706569665808
23416.542645651454,0.2791888207866785
23417.542626120583,0.3749490649543636
23418.542606589715,0.48379061754899466
23419.542587058848,0.3815010748962319
23420.54256752798,0.400436397746619
23421.54254799711,0.3663719415019769
23422.54252846624,0.4060244146134858
23423.542508935374,0.4924488232890581
23424.542489404506,0.3058781685953426
23425.542469873635,0.40274383829953037
23426.542450342768,0.38057960447886213
23427.5424308119,0.42447576905864026
23428.542411281032,0.2785104236249388
23429.54239175016,0.26279320612216384
23430.542372219294,0.43261084121141846
23431.542352688426,0.38773281813904925
23432.542333157555,0.38643102042384553
23433.542313626687,0.4017804670829732
23434.54229409582,0.34885682256078165
23435.542274564952,0.42278152643735506
23436.54225503408,0.37671437759102644
23437.542235503213,0.4253629017017511
23438.542215972346,0.40802113343321017
23439.542196441478,0.3110517915731448
23440.542176910607,0.38370286446393387
23441.54215737974,0.33299250789182716
23442.54213784887,0.33588831424181215
23443.542118318004,0.3715580928286347
23444.542098787133,0.3193003167856347
23445.542079256265,0.32312082350771426
23446.542059725398,0.36130136521705797
23447.54204019453,0.3137304515991686
23448.54202066366,0.38496775873445543
23449.54200113279,0.36320687741223173
23450.541981601924,0.3818216222260817
23451.541962071053,0.40004889770477575
23452.541942540185,0.3667185967057016
23453.541923009318,0.35594719963030463
23454.54190347845,0.3858458251233625
23455.54188394758,0.33636824764139134
23456.54186441671,0.33867861310812364
23457.541844885844,0.2926132768186905
23458.541825354976,0.276457448898124
23459.541805824105,0.3941094386174859
23460.541786293237,0.35105684107036095
23461.54176676237,0.3142410607338859
23462.541747231502,0.38698236941634706
23463.54172770063,0.2767662995240535
23464.541708169763,0.3512905963186898
23465.541688638896,0.26734375009603845
23466.541669108028,0.33231551576583784
23467.541649577157,0.37671610522148397
23468.54163004629,0.3787090664571388
23469.54161051542,0.4026003699465839
23470.54159098455,0.3510938265526348
23471.541571453683,0.31582066717411844
23472.541551922815,0.35967006550562053
23473.541532391948,0.40380401505031044
23474.541512861077,0.40596247220836507
23475.54149333021,0.3487931817203521
23476.54147379934,0.4316712856219833
23477.541454268474,0.36826454423747557
23478.541434737603,0.41092937913474675
23479.541415206735,0.3980632387927957
23480.541395675868,0.3603337326365887
23481.541376145,0.404241664808993
23482.54135661413,0.3515929274382713
23483.54133708326,0.31885009034514594
23484.541317552394,0.34004000509939947
23485.541298021522,0.32538691570243583
23486.541278490655,0.333672933029619
23487.541258959787,0.38166483925834266
23488.54123942892,0.39489856123288475
23489.54121989805,0.3584732168470965
23490.54120036718,0.3493894727751298
23491.541180836313,0.37800498186407944
23492.541161305446,0.34135140959370014
23493.541141774574,0.3200398952870283
23494.541122243707,0.3706481570594173
23495.54110271284,0.38755790794234507
23496.54108318197,0.36940914849773515
23497.5410636511,0.3213819487769554
23498.541044120233,0.3772004519349393
23499.541024589365,0.37963323368606156
23500.541005058498,0.36120672261333364
23501.540985527627,0.3366737329414689
23502.54096599676,0.33434085203752756
23503.54094646589,0.3690615421191674
23504.54092693502,0.32789315903329325
23505.540907404153,0.3122834562629315
23506.540887873285,0.2976275898650901
23507.540868342418,0.39402701266216966
23508.540848811546,0.37314296240916167
23509.54082928068,0.30366880572778254
23510.54080974981,0.3165128946761703
23511.540790218944,0.37677206950858516
23512.540770688072,0.406307586483026
23513.540751157205,0.39957039820429974
23514.540731626337,0.3844115646987537
23515.54071209547,0.35028908475655346
23516.5406925646,0.2715793731451674
23517.54067303373,0.3256961714489662
23518.540653502863,0.3737499327077415
23519.540633971992,0.3494168853138619
23520.540614441124,0.32912168124463853
23521.540594910257,0.3891869165926177
23522.54057537939,0.37211755390210255
23523.540555848518,0.350380625643413
23524.54053631765,0.4064560975625883
23525.540516786783,0.34686810982829064
23526.540497255915,0.3428443437089676
23527.540477725044,0.4489738622976663
23528.540458194177,0.32621506770982706
23529.54043866331,0.3365750916402755
23530.54041913244,0.35685293375642463
23531.54039960157,0.3769731185038609
23532.540380070703,0.40826399328585394
23533.540360539835,0.3756827338996509
23534.540341008968,0.3062476927682475
23535.540321478096,0.39241365906684633
23536.54030194723,0.4659867100215632
23537.54028241636,0.37381793760906
23538.54026288549,0.38773163404537153
23539.540243354622,0.2891577660662231
23540.540223823755,0.40068639058707956
23541.540204292887,0.416824111332743
23542.540184762016,0.41643949652222834
23543.54016523115,0.44767067654690185
23544.54014570028,0.38794922955515143
23545.540126169413,0.3556559013770534
23546.540106638542,0.3546483851292881
23547.540087107674,0.35717786748283004
23548.540067576807,0.35782112434289337
23549.54004804594,0.35447064501698766
23550.540028515068,0.28425327377887916
23551.5400089842,0.33281398748910884
23552.539989453333,0.3509363600310818
23553.539969922465,0.37702883562935463
23554.539950391594,0.3787396766579484
23555.539930860727,0.37040031471143947
23556.53991132986,0.3160427271259171
23557.539891798988,0.34049349662282014
23558.53987226812,0.39548035106973717
23559.539852737253,0.34584105210082466
23560.539833206385,0.39174158450840146
23561.539813675514,0.32339484777396166
23562.539794144646,0.31251941710292874
23563.53977461378,0.3037420758108829
23564.53975508291,0.31776768146823003
23565.53973555204,0.3499157240563957
23566.539716021172,0.35715057373161374
23567.539696490305,0.30377996897503107
23568.539676959437,0.34455059098684804
23569.539657428566,0.3223661578973806
23570.5396378977,0.2753782921212566
23571.53961836683,0.27987872827329396
23572.53959883596,0.36452565091071426
23573.539579305092,0.31209971543133597
23574.539559774224,0.3072286016924994
23575.539540243357,0.2876733071999116
23576.539520712486,0.30117679650498125
23577.539501181618,0.3500857068714289
23578.53948165075,0.3534631793759581
23579.539462119883,0.3666484608702164
23580.53944258901,0.40805620808323967
23581.539423058144,0.37158236576075115
23582.539403527277,0.2546253559734676
23583.53938399641,0.3322349647419429
23584.539364465538,0.34608551986589886
23585.53934493467,0.42119483431852694
23586.539325403803,0.32856544736545223
23587.539305872935,0.307465993505899
23588.539286342064,0.34247597940692964
23589.539266811196,0.3566045735318965
23590.53924728033,0.3615008075892871
23591.539227749457,0.3501578313557071
23592.53920821859,0.37982469425707993
23593.539188687722,0.37749906708480335
23594.539169156855,0.33974954992106465
23595.539149625984,0.3938260681768036
23596.539130095116,0.38316433758499485
23597.53911056425,0.3041805854835318
23598.53909103338,0.3011016291227516
23599.53907150251,0.4180964591891505
23600.539051971642,0.3358776667659144
23601.539032440774,0.3550054756585578
23602.539012909907,0.3507246879227945
23603.538993379036,0.3992626277045495
23604.538973848168,0.3701725407030264
23605.5389543173,0.42823159310165465
23606.53893478643,0.3134617204984902
23607.53891525556,0.36367400645035675
23608.538895724694,0.35381696148544034
23609.538876193827,0.34750901022681024
23610.538856662955,0.3437866691406013
23611.538837132088,0.28421917183854595
23612.53881760122,0.31644242464082356
23613.538798070353,0.3553600948188509
23614.53877853948,0.3170695878198437
23615.538759008614,0.3717928811106513
23616.538739477746,0.3514084094180914
23617.53871994688,0.31833812559439717
23618.538700416007,0.32335651007145144
23619.53868088514,0.374145277677511
23620.538661354272,0.3220874468830291
23621.538641823405,0.3744704243811953
23622.538622292534,0.29958905607763037
23623.538602761666,0.38247529426314425
23624.5385832308,0.33747387439562854
23625.538563699927,0.32678277170043457
23626.53854416906,0.37852122778619957
23627.538524638192,0.33361324215762667
23628.538505107324,0.3176258544278456
23629.538485576453,0.3580046609051761
23630.538466045586,0.35670168015468967
23631.538446514718,0.36819226745824896
23632.53842698385,0.3371323553361315
23633.53840745298,0.3892462127357741
23634.53838792211,0.38829661132917087
23635.538368391244,0.33300188780109086
23636.538348860377,0.36178900333304015
23637.538329329505,0.36153535045562535
23638.538309798638,0.31506059253368335
23639.53829026777,0.3408916244148828
23640.5382707369,0.3025372111426778
23641.53825120603,0.32366228777215145
23642.538231675164,0.2959126962750719
23643.538212144296,0.34022856393743683
23644.538192613425,0.36934439979216355
23645.538173082557,0.3521818457392626
23646.53815355169,0.3625661857682071
23647.538134020822,0.3272820937092407
23648.53811448995,0.3344923433915882
23649.538094959084,0.29582454945278214
23650.538075428216,0.37011816953062243
23651.53805589735,0.3945898058738244
23652.538036366477,0.35925835269909784
23653.53801683561,0.38574759733834957
23654.537997304742,0.4072174238381374
23655.537977773874,0.4059995403045033
23656.537958243003,0.349894548954934
23657.537938712136,0.300410833633084
23658.537919181268,0.34328461728451526
23659.537899650397,0.36342583054168276
23660.53788011953,0.3707757044002352
23661.53786058866,0.2852438847850415
23662.537841057794,0.3526215271144512
23663.537821526923,0.33931596781797346
23664.537801996055,0.31348136357632805
23665.537782465188,0.3796570382047262
23666.53776293432,0.3385582493565252
23667.53774340345,0.36151726425760966
23668.53772387258,0.38099941197938225
23669.537704341714,0.3093839424545972
23670.537684810846,0.3349753500303089
23671.537665279975,0.36666695579331265
23672.537645749107,0.3694125380144782
23673.53762621824,0.34559810670889984
23674.537606687372,0.37168411367179155
23675.5375871565,0.3568204028368187
23676.537567625634,0.3875013300799422
23677.537548094766,0.3720441979487793
23678.537528563895,0.3817743520271014
23679.537509033027,0.3867165637890123
23680.53748950216,0.40866028695902396
23681.537469971292,0.2914090546999069
23682.53745044042,0.3454354230603109
23683.537430909553,0.3116614146359606
23684.537411378686,0.36807265035508113
23685.537391847818,0.38939081282321064
23686.537372316947,0.3628816057538042
23687.53735278608,0.35423676923471636
23688.53733325521,0.3901891634358892
23689.537313724344,0.3706232727317405
23690.537294193473,0.33812208681688766
23691.537274662605,0.30986152470992806
23692.537255131738,0.30320098528009093
23693.537235600867,0.3429386445949801
23694.53721607,0.3427089413309276
23695.53719653913,0.3724063864467538
23696.537177008264,0.37661297670881033
23697.537157477393,0.35045016016723685
23698.537137946525,0.36661928550863354
23699.537118415657,0.3491118191762452
23700.53709888479,0.3693304936096497
23701.53707935392,0.3453484023912493
23702.53705982305,0.3466069441264363
23703.537040292184,0.33808805761173216
23704.537020761316,0.3476791791485241
23705.537001230445,0.33378384664318933
23706.536981699577,0.3763683855333992
23707.53696216871,0.3708756499424145
23708.536942637842,0.3427483356267169
23709.53692310697,0.3714293549450785
23710.536903576103,0.4084238119913676
23711.536884045236,0.36295077696558337
23712.536864514364,0.35150096694542
23713.536844983497,0.33096630605172883
23714.53682545263,0.32858030321232573
23715.53680592176,0.32904928809267137
23716.53678639089,0.37051293129407137
23717.536766860023,0.3371903088380545
23718.536747329155,0.34040743090648384
23719.536727798288,0.3616798646178099
23720.536708267417,0.3225743913254214
23721.53668873655,0.3485880456574067
23722.53666920568,0.35072971585550244
23723.536649674814,0.39937966342981585
23724.536630143943,0.3516528789335551
23725.536610613075,0.36422616688194426
23726.536591082207,0.3299178327141886
23727.536571551336,0.31532615472390535
23728.53655202047,0.3635896657592543
23729.5365324896,0.32168534856344927
23730.536512958734,0.3268647068257044
23731.536493427862,0.32553819563491454
23732.536473896995,0.43361068534750186
23733.536454366127,0.2992715964164804
23734.53643483526,0.3139048855888328
23735.53641530439,0.3260207950323956
23736.53639577352,0.34598150227439745
23737.536376242653,0.365869975079281
23738.536356711786,0.29319092228393273
23739.536337180914,0.3600468889822568
23740.536317650047,0.3297500446496294
23741.53629811918,0.38470461772475256
23742.53627858831,0.31811040496034215
23743.53625905744,0.3013237487529394
23744.536239526573,0.35084058488395536
23745.536219995705,0.3472414436269233
23746.536200464834,0.35225598366326666
23747.536180933967,0.37713028674534327
23748.5361614031,0.34302462394373623
23749.53614187223,0.3535793913175206
23750.53612234136,0.3566157902004047
23751.536102810493,0.3534698713406528
23752.536083279625,0.34301647187441686
23753.536063748757,0.32982202256278387
23754.536044217886,0.37557194112903947
23755.53602468702,0.3179843307643244
23756.53600515615,0.35928233185814723
23757.535985625284,0.37225569006907816
23758.535966094412,0.3397520651157981
23759.535946563545,0.35745119969234807
23760.535927032677,0.332986385508718
23761.535907501806,0.3376076442393557
23762.53588797094,0.35223087962629557
23763.53586844007,0.32009415847990946
23764.535848909203,0.3280936715977145
23765.535829378332,0.33155539668372563
23766.535809847464,0.35133457979176697
23767.535790316597,0.29565379256562846
23768.53577078573,0.3537394677574141
23769.535751254858,0.3439047812774825
23770.53573172399,0.32220174749366726
23771.535712193123,0.33252492111560994
23772.535692662255,0.35824230526563444
23773.535673131384,0.3638291206762761
23774.535653600517,0.3573534073167528
23775.53563406965,0.3515729772154571
23776.53561453878,0.31174418755646166
23777.53559500791,0.3496194733842185
23778.535575477043,0.3314936374681777
23779.535555946175,0.3556037634805724
23780.535536415304,0.33734928532366676
23781.535516884436,0.408936430320066
23782.53549735357,0.3397133556552205
23783.5354778227,0.3191345275575704
23784.53545829183,0.3518618089662617
23785.535438760962,0.35521901503448844
23786.535419230095,0.36304882415407747
23787.535399699227,0.328933832972876
23788.535380168356,0.3299234545303611
23789.53536063749,0.33429210185334085
23790.53534110662,0.34997206666905345
23791.535321575753,0.37289094875447
23792.535302044882,0.3452113965629046
23793.535282514014,0.3243667358085191
23794.535262983147,0.36973456051492265
23795.53524345228,0.3675601365593038
23796.535223921408,0.3661503051889403
23797.53520439054,0.3532764636079389
23798.535184859673,0.3378890681031709
23799.5351653288,0.3324306582740223
23800.535145797934,0.37063098380595805
23801.535126267067,0.3537211679829206
23802.5351067362,0.3418310841974206
23803.535087205328,0.36945096030388086
23804.53506767446,0.34231162175707797
23805.535048143593,0.348370747784054
23806.535028612725,0.35822998273244644
23807.535009081854,0.34278390593587904
23808.534989550986,0.34701537441377317
23809.53497002012,0.3302371712841622
23810.53495048925,0.3453422429454402
23811.53493095838,0.3710638783991613
23812.534911427512,0.30127240517468973
23813.534891896645,0.34302339556152056
23814.534872365773,0.3125537479457177
23815.534852834906,0.3762450564215308
23816.53483330404,0.3550765234224776
23817.53481377317,0.3357435289519341
23818.5347942423,0.3447965703340458
23819.534774711432,0.32115084237360425
23820.534755180564,0.3526952038007411
23821.534735649697,0.3549411680494103
23822.534716118826,0.34523456826575494
23823.534696587958,0.3470121704467819
23824.53467705709,0.35471457624450176
23825.534657526223,0.32933196241084295
23826.53463799535,0.3545337855958629
23827.534618464484,0.3541603041498093
23828.534598933617,0.3632001327992221
23829.53457940275,0.36654982489968396
23830.534559871878,0.37476899597126945
23831.53454034101,0.35697360718938725
23832.534520810143,0.3641097449958813
23833.53450127927,0.35084879326022994
23834.534481748404,0.3148732595122648
23835.534462217536,0.3213245621772272
23836.53444268667,0.339931208620964
23837.534423155797,0.35153543654606034
23838.53440362493,0.33413074664947257
23839.534384094062,0.34845178215077577
23840.534364563195,0.3447316651877314
23841.534345032323,0.35714782791186866
23842.534325501456,0.3372188932381225
23843.53430597059,0.3268816807095452
23844.53428643972,0.3518448555764717
23845.53426690885,0.3527586814072481
23846.534247377982,0.3559726349674947
23847.534227847114,0.31844467361889
23848.534208316243,0.3490274490293057
23849.534188785376,0.32863989326512083
23850.534169254508,0.3333101543309047
23851.53414972364,0.3620870109911714
23852.53413019277,0.35042546573873423
23853.5341106619,0.32851392122909306
23854.534091131034,0.34648392649114457
23855.534071600166,0.33168328061131414
23856.534052069295,0.3436461203652836
23857.534032538428,0.36926341990092304
23858.53401300756,0.3299615454166637
23859.533993476693,0.36203510390054044
23860.53397394582,0.339453469270867
23861.533954414954,0.3243232391779741
23862.533934884086,0.3574754302252513
23863.53391535322,0.3483632735909728
23864.533895822347,0.3387046304956786
23865.53387629148,0.3421182767266271
23866.533856760612,0.3406602406669001
23867.53383722974,0.34090655192475083
23868.533817698873,0.3341461189101936
23869.533798168006,0.34740104144439543
23870.53377863714,0.34778808698559055
23871.533759106267,0.35293886553071424
23872.5337395754,0.3511163691547999
23873.533720044532,0.3441177131608071
23874.533700513664,0.35274066349964306
23875.533680982793,0.3544273332351014
23876.533661451926,0.34206854696985306
23877.533641921058,0.36258047994092313
23878.53362239019,0.34893567412470505
23879.53360285932,0.3424239760641599
23880.53358332845,0.35110243478723147
23881.533563797584,0.3375757800468934
23882.533544266716,0.3521658242728952
23883.533524735845,0.3540599739896339
23884.533505204978,0.35183583433346804
23885.53348567411,0.3529065170880888
23886.53346614324,0.3550051252936659
23887.53344661237,0.32434870070573546
23888.533427081504,0.3706592896265022
23889.533407550636,0.3362844892839755
23890.533388019765,0.3477384860105331
23891.533368488897,0.3279797721708191
23892.53334895803,0.3315115538408926
23893.533329427162,0.36803373158790664
23894.53330989629,0.3609796373262826
23895.533290365423,0.3421615454916895
23896.533270834556,0.3799608931017288
23897.53325130369,0.345661517456373
23898.533231772817,0.34846700388479285
23899.53321224195,0.3408865734406326
23900.533192711082,0.34655825331712187
23901.53317318021,0.3188556803519287
23902.533153649343,0.3638211807559732
23903.533134118476,0.32258476922031903
23904.533114587608,0.38219770625679717
23905.533095056737,0.33527998076231713
23906.53307552587,0.3796009093639269
23907.533055995,0.36098302213160793
23908.533036464134,0.364593564315255
23909.533016933263,0.34183578296354883
23910.532997402395,0.3619500471238133
23911.532977871528,0.3587117363709244
23912.53295834066,0.33827387946816034
23913.53293880979,0.3536586556989244
23914.53291927892,0.33811378805589176
23915.532899748054,0.35025435781512504
23916.532880217186,0.34398471084450566
23917.532860686315,0.34317838698534103
23918.532841155447,0.3390254365675459
23919.53282162458,0.3560171357972792
23920.53280209371,0.33864873270701346
23921.53278256284,0.3619117126654686
23922.532763031973,0.33880350324321284
23923.532743501106,0.348170476306964
23924.532723970235,0.33399062493989007
23925.532704439367,0.3547872750420171
23926.5326849085,0.3359673477983824
23927.532665377632,0.3452837263773047
23928.53264584676,0.3519174861198973
23929.532626315893,0.35411712160700476
23930.532606785026,0.3445474895063652
23931.532587254158,0.3366880435956364
23932.532567723287,0.3517084318582005
23933.53254819242,0.3457095962981926
23934.53252866155,0.3599699085012144
23935.53250913068,0.35241942210241195
23936.532489599813,0.35050234187589446
23937.532470068945,0.36705840757984
23938.532450538078,0.33228259338942023
23939.532431007206,0.35494356909445607
23940.53241147634,0.354281818161989
23941.53239194547,0.3333435167458527
23942.532372414604,0.34361423347890013
23943.532352883733,0.34399896774399613
23944.532333352865,0.3302069698125025
23945.532313821997,0.34615708559631947
23946.53229429113,0.343067969805775
23947.53227476026,0.3618686793589279
23948.53225522939,0.3453303878106836
23949.532235698523,0.3336145676587896
23950.532216167656,0.3508718853955695
23951.532196636785,0.34240665088031436
23952.532177105917,0.3586284704022284
23953.53215757505,0.34411524225768303
23954.53213804418,0.3586598109224708
23955.53211851331,0.3466207079248481
23956.532098982443,0.3449378994314998
23957.532079451576,0.34697441528542694
23958.532059920704,0.3666822274304547
23959.532040389837,0.34527563785329524
23960.53202085897,0.3413708111719061
23961.5320013281,0.3319108564771597
23962.53198179723,0.3558500062488205
23963.531962266363,0.3608942406551807
23964.531942735495,0.33758517880165334
23965.531923204628,0.34604581230454257
23966.531903673756,0.3419332550373936
23967.53188414289,0.34269892075716046
23968.53186461202,0.3473014252334618
23969.53184508115,0.3519462033777427
23970.531825550283,0.35814780600801055
23971.531806019415,0.35004824572583493
23972.531786488547,0.34740676236268203
23973.531766957676,0.3665660347054767
23974.53174742681,0.3468661981823392
23975.53172789594,0.35781953236911335
23976.531708365073,0.3605210646539168
23977.531688834202,0.34434180180990015
23978.531669303335,0.3418017987822734
23979.531649772467,0.3464028078362771
23980.5316302416,0.34845401676048976
23981.53161071073,0.3383144443143211
23982.53159117986,0.3634224430940688
23983.531571648993,0.344584394890713
23984.531552118126,0.341422438511738
23985.531532587254,0.3608852744222127
23986.531513056387,0.33318528940672165
23987.53149352552,0.349920595706819
23988.531473994648,0.36187432306999523
23989.53145446378,0.33996313309090986
23990.531434932913,0.34242336417362834
23991.531415402045,0.3444936107390305
23992.531395871174,0.3431872586902007
23993.531376340306,0.3365929114270469
23994.53135680944,0.3712740844129054
23995.53133727857,0.35006657085393533
23996.5313177477,0.33426908216939755
23997.531298216833,0.3390620311910844
23998.531278685965,0.3340613009704683
23999.531259155097,0.33236831277982604
24000.531239624226,0.3436237635453544
24001.53122009336,0.34194106385845796
24002.53120056249,0.33589763704193004
24003.531181031623,0.36008254891838554
24004.531161500752,0.3419750305530603
24005.531141969885,0.33956258805136325
24006.531122439017,0.3312086992961938
24007.531102908146,0.3674402050612538
24008.53108337728,0.3462604149340982
24009.53106384641,0.3510478272218441
24010.531044315543,0.33960195224250017
24011.531024784672,0.35528916938067606
24012.531005253804,0.35475702350944416
24013.530985722937,0.3610061429811265
24014.53096619207,0.3387514641331618
24015.530946661198,0.3424633048048248
24016.53092713033,0.3436158707327532
24017.530907599463,0.34574258328588814
24018.530888068595,0.344181019977119
24019.530868537724,0.36031734806710547
24020.530849006856,0.3452087929311646
24021.53082947599,0.3387633349950418
24022.530809945118,0.36580626071399913
24023.53079041425,0.36524357135982144
24024.530770883383,0.33478398521102043
24025.530751352515,0.33828683988649494
24026.530731821644,0.3628013372137992
24027.530712290776,0.35052128348558986
24028.53069275991,0.3522393594200489
24029.53067322904,0.3395553287400497
24030.53065369817,0.3354648167077134
24031.530634167302,0.3500464948056181
24032.530614636435,0.3480498895060908
24033.530595105567,0.3515476188963751
24034.530575574696,0.3641957100767155
24035.53055604383,0.36125689044317644
24036.53053651296,0.34634742835719506
24037.530516982093,0.3551843114552672
24038.530497451222,0.3599497579109908
24039.530477920354,0.3444283150145585
24040.530458389487,0.3401334621446227
24041.530438858616,0.32847714406699496
24042.530419327748,0.35666508065519764
24043.53039979688,0.34101766993187876
24044.530380266013,0.34761041805690274
24045.53036073514,0.3490358739321674
24046.530341204274,0.32866270808359205
24047.530321673406,0.342443949475477
24048.53030214254,0.3450469633701632
24049.530282611668,0.33711443045077966
24050.5302630808,0.3569093249479449
24051.530243549932,0.3481925704739375
24052.530224019065,0.3501338610008692
24053.530204488194,0.34058955535425206
24054.530184957326,0.33694081859040653
24055.53016542646,0.3452292943347655
24056.530145895587,0.34623181720342755
24057.53012636472,0.33991886185073833
24058.530106833852,0.3371108135836848
24059.530087302985,0.34026272222634457
24060.530067772113,0.33557297939142217
24061.530048241246,0.34914091628312155
24062.53002871038,0.3478473102958876
24063.53000917951,0.34954625586842164
24064.52998964864,0.3528243704275853
24065.529970117772,0.345502048802224
24066.529950586904,0.35192162620662126
24067.529931056037,0.3534078365580566
24068.529911525166,0.3475930943159233
24069.529891994298,0.34969871232697225
24070.52987246343,0.3415978283930386
24071.529852932563,0.34209032593272554
24072.52983340169,0.3375398341294214
24073.529813870824,0.3415333991031153
24074.529794339956,0.3481511239996535
24075.529774809085,0.3440666578918671
24076.529755278218,0.33957624866145536
24077.52973574735,0.3424201278776559
24078.529716216482,0.35725304478112596
24079.52969668561,0.3564071042094016
24080.529677154744,0.34475333183829177
24081.529657623876,0.3502514069213724
24082.52963809301,0.34808052921328664
24083.529618562137,0.34795092834477437
24084.52959903127,0.3459077656840933
24085.529579500402,0.35027674364638745
24086.529559969535,0.34439195560345987
24087.529540438663,0.34002543638639554
24088.529520907796,0.3486231557605378
24089.52950137693,0.35776041040832257
24090.52948184606,0.34869400429736097
24091.52946231519,0.33979806271712815
24092.529442784322,0.3369062425645104
24093.529423253454,0.3482058283901167
24094.529403722583,0.34942851546572845
24095.529384191716,0.3450754913153661
24096.529364660848,0.3427667471816997
24097.52934512998,0.34490220467346605
24098.52932559911,0.34740238261984263
24099.52930606824,0.3539776245802167
24100.529286537374,0.34312249218082974
24101.529267006506,0.3451379055664115
24102.529247475635,0.3488127284345869
24103.529227944768,0.34895352213906516
24104.5292084139,0.34821043333190005
24105.529188883032,0.3472840289862256
24106.52916935216,0.3434123462208869
24107.529149821294,0.36481880685540025
24108.529130290426,0.3447691240345474
24109.529110759555,0.3452477646223904
24110.529091228687,0.3552166832128288
24111.52907169782,0.34365935187668867
24112.529052166952,0.34974507881951555
24113.52903263608,0.3507018360323962
24114.529013105213,0.3438050056028099
24115.528993574346,0.34791965118842166
24116.52897404348,0.3408488322744789
24117.528954512607,0.3456544416102433
24118.52893498174,0.3466986245755157
24119.528915450872,0.3330239949821107
24120.528895920004,0.35609972522667177
24121.528876389133,0.35114341064428084
24122.528856858265,0.3459576741985521
24123.528837327398,0.3508120932783993
24124.52881779653,0.34610102073474247
24125.52879826566,0.3481049019987332
24126.52877873479,0.353552408513439
24127.528759203924,0.35625972921139776
24128.528739673053,0.3499277299768316
24129.528720142185,0.3464372790277872
24130.528700611318,0.35159686681967345
24131.52868108045,0.34265062883796316
24132.52866154958,0.3482715012364768
24133.52864201871,0.34126626040275004
24134.528622487844,0.34523121505411175
24135.528602956976,0.35091165120243684
24136.528583426105,0.33762623092335353
24137.528563895237,0.34236444472979505
24138.52854436437,0.34611823100422445
24139.528524833502,0.34256038319661547
24140.52850530263,0.34489968017527306
24141.528485771763,0.3364925382465628
24142.528466240896,0.3396166331316793
24143.528446710025,0.339733875576353
24144.528427179157,0.34590807601163603
24145.52840764829,0.3423929721638899
24146.528388117422,0.34651807360430154
24147.52836858655,0.33804650482038434
24148.528349055683,0.3413633771253166
24149.528329524815,0.3440497838557529
24150.528309993948,0.34716949841026207
24151.528290463077,0.3489325139815798
24152.52827093221,0.3481088409488303
24153.52825140134,0.342028669151386
24154.528231870474,0.34896598033382753
24155.528212339603,0.3501355227934603
24156.528192808735,0.3444820777542581
24157.528173277868,0.345150039960061
24158.528153747,0.34139511838364295
24159.52813421613,0.35300310850182404
24160.52811468526,0.34573697202761533
24161.528095154394,0.3434840888973008
24162.528075623522,0.3388852616695696
24163.528056092655,0.35067542662539813
24164.528036561787,0.3470639608296493
24165.52801703092,0.35239224770069805
24166.52799750005,0.349809960518355
24167.52797796918,0.35513718453697873
24168.527958438313,0.34272233531959134
24169.527938907446,0.3388817021109766
24170.527919376575,0.3483377097709734
24171.527899845707,0.3541162695520977
24172.52788031484,0.34854012557351366
24173.527860783972,0.3367198879043982
24174.5278412531,0.337723985335437
24175.527821722233,0.33734053902043726
24176.527802191365,0.3585479758153099
24177.527782660494,0.33904079366016304
24178.527763129627,0.34649632821370535
24179.52774359876,0.3543116789354002
24180.52772406789,0.332951570896899
24181.52770453702,0.3469185979297072
24182.527685006153,0.3444968978802286
24183.527665475285,0.35233436159514275
24184.527645944418,0.3521722974000868
24185.527626413546,0.3446645163849517
24186.52760688268,0.34876983917857785
24187.52758735181,0.3502301490945593
24188.527567820944,0.3397030267922431
24189.527548290072,0.34575773436895196
24190.527528759205,0.35001807212199654
24191.527509228337,0.3493762958564764
24192.52748969747,0.3440227310041594
24193.5274701666,0.3491561560240679
24194.52745063573,0.3511579567659184
24195.527431104863,0.34437462653628775
24196.527411573992,0.34376984748485206
24197.527392043125,0.34886724111992873
24198.527372512257,0.34633072909131474
24199.52735298139,0.3464976326305578
24200.52733345052,0.3469204842918465
24201.52731391965,0.3536739932354944
24202.527294388783,0.34665582874047723
24203.527274857915,0.342965162765948
24204.527255327044,0.34609402317623406
24205.527235796177,0.34445166785629266
24206.52721626531,0.35221781000017777
24207.52719673444,0.34879804416557825
24208.52717720357,0.34380678227897715
24209.527157672703,0.3474276861349383
24210.527138141835,0.34606311358253555
24211.527118610968,0.3450337581673156
24212.527099080096,0.3491673600906213
24213.52707954923,0.34775424404025723
24214.52706001836,0.35574049583277995
24215.52704048749,0.3547910940902989
24216.527020956622,0.3483961437749516
24217.527001425755,0.3526943903949778
24218.526981894887,0.34104694629108206
24219.526962364016,0.3523931460627307
24220.52694283315,0.337819704231833
24221.52692330228,0.34261238978530434
24222.526903771413,0.3549331793227549
24223.526884240542,0.3401877262017585
24224.526864709675,0.34387438136275755
24225.526845178807,0.3557170388185462
24226.52682564794,0.3475953589099402
24227.52680611707,0.35598739030335
24228.5267865862,0.3570320947045564
24229.526767055333,0.3502431255914634
24230.526747524462,0.3501591819176631
24231.526727993594,0.3517295945130198
24232.526708462727,0.3450634588731599
24233.52668893186,0.3525322681603562
24234.526669400988,0.34486510959294464
24235.52664987012,0.35070382733797073
24236.526630339253,0.34099207178846
24237.526610808385,0.34809923916086555
24238.526591277514,0.35225373336906446
24239.526571746646,0.34443907897477255
24240.52655221578,0.3450057267365237
24241.52653268491,0.34651841433724156
24242.52651315404,0.34574559630722673
24243.526493623172,0.3468712504258897
24244.526474092305,0.34895636888921633
24245.526454561437,0.3459068156604053
24246.526435030566,0.33729607859301364
24247.5264154997,0.348317327713764
24248.52639596883,0.3488887961055291
24249.52637643796,0.3494825623915943
24250.526356907092,0.35098254757772634
24251.526337376225,0.3484471263077626
24252.526317845357,0.3434714726567214
24253.526298314486,0.3457833615998015
24254.52627878362,0.347352131766302
24255.52625925275,0.34350512745996675
24256.526239721883,0.3500110293498155
24257.52622019101,0.34204547473108343
24258.526200660144,0.34165570375421017
24259.526181129277,0.34475403986302183
24260.52616159841,0.34180539650618275
24261.526142067538,0.35061533772441433
24262.52612253667,0.3389034581456825
24263.526103005803,0.3492150809653976
24264.52608347493,0.34175336116879657
24265.526063944064,0.3486880275143441
24266.526044413196,0.34738980745179554
24267.52602488233,0.34813111951826964
24268.526005351458,0.3461864773692691
24269.52598582059,0.3542347060646997
24270.525966289722,0.3443339652509532
24271.525946758855,0.34445690429477616
24272.525927227984,0.336687588969506
24273.525907697116,0.3536063390288121
24274.52588816625,0.3458218119708662
24275.52586863538,0.3363613043680733
24276.52584910451,0.335079428037719
24277.525829573642,0.3443826006164425
24278.525810042775,0.3453992175353457
24279.525790511907,0.34367684740656534
24280.525770981036,0.3554390105036507
24281.525751450168,0.34150253881346493
24282.5257319193,0.34655360890689846
24283.52571238843,0.3501369188545237
24284.52569285756,0.342789055300032
24285.525673326694,0.3469174361921527
24286.525653795827,0.34689714712867625
24287.525634264955,0.3473807800330402
24288.525614734088,0.34591178661557465
24289.52559520322,0.34348856904935515
24290.525575672353,0.3541699506125674
24291.52555614148,0.3469965308274718
24292.525536610614,0.34196501342144686
24293.525517079746,0.34162435411594844
24294.52549754888,0.3472459666990903
24295.525478018008,0.34224771672451376
24296.52545848714,0.34733819185019416
24297.525438956272,0.3465316862437764
24298.5254194254,0.3484735974804319
24299.525399894534,0.3454940396569101
24300.525380363666,0.3503506492198128
24301.5253608328,0.34670128117018706
24302.525341301927,0.3404857324338056
24303.52532177106,0.3470091207311004
24304.525302240192,0.34562375753509755
24305.525282709325,0.3457834179876467
24306.525263178453,0.3481665720539611
24307.525243647586,0.3462482821455577
24308.525224116718,0.34856441236182856
24309.52520458585,0.3460370899713001
24310.52518505498,0.34516048389113296
24311.52516552411,0.34560830220788663
24312.525145993244,0.3453022033874662
24313.525126462377,0.3439072677204127
24314.525106931505,0.3483849585701157
24315.525087400638,0.3465222761964654
24316.52506786977,0.3485097816947788
24317.5250483389,0.3481583051605345
24318.52502880803,0.34577011683159004
24319.525009277164,0.3452621341936307
24320.524989746296,0.3461900474793657
24321.524970215425,0.3452513926439177
24322.524950684558,0.34398381379778575
24323.52493115369,0.34632699852994975
24324.524911622822,0.3499093040949554
24325.52489209195,0.34864947084500075
24326.524872561084,0.34527543835692626
24327.524853030216,0.3499345630294489
24328.52483349935,0.3420828229496405
24329.524813968477,0.34476585807320775
24330.52479443761,0.3375185318579569
24331.524774906742,0.3411596053184298
24332.524755375875,0.34064839461978863
24333.524735845003,0.35191350507846975
24334.524716314136,0.35267950993709213
24335.524696783268,0.35106574630397813
24336.524677252397,0.3434013090049351
24337.52465772153,0.34535517200973664
24338.52463819066,0.34764247235606477
24339.524618659794,0.34825379205392265
24340.524599128923,0.3477288533882909
24341.524579598055,0.34573159854588553
24342.524560067188,0.3518033344431603
24343.52454053632,0.351079170586935
24344.52452100545,0.34195484749818505
24345.52450147458,0.3472169772578358
24346.524481943714,0.34066169843783844
24347.524462412846,0.34661343391901184
24348.524442881975,0.3470740668724194
24349.524423351108,0.3466712072063205
24350.52440382024,0.34388480578235703
24351.52438428937,0.34900715384007874
24352.5243647585,0.3485872843410335
24353.524345227634,0.3443005153326709
24354.524325696766,0.3490488100878499
24355.524306165895,0.34379511840606836
24356.524286635027,0.34627931199659173
24357.52426710416,0.3483896872149126
24358.524247573292,0.34489733348818014
24359.52422804242,0.34135656778596224
24360.524208511553,0.34804960829380877
24361.524188980686,0.34276775611069576
24362.524169449818,0.3463159277121952
24363.524149918947,0.3467914781883756
24364.52413038808,0.3460322852442326
24365.52411085721,0.3468808746165911
24366.524091326344,0.3487940042899499
24367.524071795473,0.34395380884352095
24368.524052264605,0.34703087055797843
24369.524032733738,0.34605422982459244
24370.524013202867,0.34813619481891467
24371.523993672,0.34705011266189195
24372.52397414113,0.34580415616406335
24373.523954610264,0.34641565877792196
24374.523935079393,0.3477650674639709
24375.523915548525,0.345899539503203
24376.523896017658,0.3457702151989247
24377.52387648679,0.34481615768225526
24378.52385695592,0.346559877822869
24379.52383742505,0.3422611242481296
24380.523817894184,0.3438916484626358
24381.523798363316,0.3450627326749694
24382.523778832445,0.3466070369318636
24383.523759301577,0.3430150986097677
24384.52373977071,0.3446345594356986
24385.52372023984,0.34575544351099147
24386.52370070897,0.3479000761454304
24387.523681178103,0.3482083354344774
24388.523661647236,0.3453990689174884
24389.523642116364,0.3460277804098782
24390.523622585497,0.3444781167533623
24391.52360305463,0.3484595589330039
24392.52358352376,0.34609669875671617
24393.52356399289,0.3489057432370764
24394.523544462023,0.3430422585900255
24395.523524931155,0.3461957371442673
24396.523505400288,0.34586303685481223
24397.523485869417,0.3478630376732798
24398.52346633855,0.3457258386016935
24399.52344680768,0.3470408274873757
24400.523427276814,0.34759651889101695
24401.523407745943,0.3453381087822225
24402.523388215075,0.34632031232734867
24403.523368684208,0.34503079926882047
24404.523349153336,0.34596219754182084
24405.52332962247,0.3483237911349398
24406.5233100916,0.3512178705209004
24407.523290560734,0.345138531759002
24408.523271029862,0.3478023638153666
24409.523251498995,0.3495262155477097
24410.523231968127,0.34835203758278743
24411.52321243726,0.3447106197354835
24412.52319290639,0.3467757884804562
24413.52317337552,0.34491425208430315
24414.523153844653,0.34500109881089713
24415.523134313786,0.3435898317767622
24416.523114782914,0.3500877408692894
24417.523095252047,0.3445402040728831
24418.52307572118,0.34727534074282373
24419.52305619031,0.35188132574503406
24420.52303665944,0.348338155119911
24421.523017128573,0.34444276154361664
24422.522997597705,0.3446711194589647
24423.522978066834,0.34694191880919667
24424.522958535967,0.3519302809801072
24425.5229390051,0.34700459904160463
24426.52291947423,0.34768977724649164
24427.52289994336,0.34403241819077285
24428.522880412493,0.34609611358192083
24429.522860881625,0.34726767137501735
24430.522841350758,0.34771666399200907
24431.522821819886,0.3455221584946122
24432.52280228902,0.3454221943412006
24433.52278275815,0.3451476736565694
24434.522763227284,0.3439741858511211
24435.522743696412,0.3469902520501578
24436.522724165545,0.3473618084077225
24437.522704634677,0.3481139266849727
24438.522685103806,0.3436134422086987
24439.52266557294,0.3468129402786585
24440.52264604207,0.3463414381379687
24441.522626511203,0.3477451062482323
24442.522606980332,0.34634859667467194
24443.522587449464,0.3471008253353189
24444.522567918597,0.3502645036344043
24445.52254838773,0.34395508102729694
24446.522528856858,0.344897354725932
24447.52250932599,0.3518105476254875
24448.522489795123,0.3406141393312066
24449.522470264255,0.34696383035257605
24450.522450733384,0.3454082722684463
24451.522431202517,0.34750072531021237
24452.52241167165,0.34950429799289784
24453.52239214078,0.3451712375871632
24454.52237260991,0.3463959441089003
24455.522353079043,0.3428207405515643
24456.522333548175,0.346706732689397
24457.522314017304,0.34657596535192536
24458.522294486436,0.3440220340549427
24459.52227495557,0.3452724440565097
24460.5222554247,0.3445666668869303
24461.52223589383,0.34671369858115775
24462.522216362962,0.3459168775066128
24463.522196832095,0.34851907600233345
24464.522177301227,0.3464343340532473
24465.522157770356,0.3485034373631508
24466.52213823949,0.3461725579314061
24467.52211870862,0.3471809483850412
24468.522099177753,0.3462845376538167
24469.522079646882,0.3460823823160565
24470.522060116014,0.34674203508786017
24471.522040585147,0.3469784558436973
24472.522021054276,0.3463198029445934
24473.522001523408,0.3486830919955748
24474.52198199254,0.34657805914728657
24475.521962461673,0.3469248993389177
24476.5219429308,0.34626718565788667
24477.521923399934,0.344529177691781
24478.521903869067,0.3447199880797028
24479.5218843382,0.3448152550668773
24480.521864807328,0.34539863537762905
24481.52184527646,0.3472922312719734
24482.521825745593,0.3467864522150221
24483.521806214725,0.34693345775537426
24484.521786683854,0.343980877951857
24485.521767152986,0.3457081297507537
24486.52174762212,0.3473116709209384
24487.52172809125,0.3463804736934999
24488.52170856038,0.3473255693209168
24489.521689029512,0.3461815347563473
24490.521669498645,0.3450117916622812
24491.521649967774,0.3466049369972496
24492.521630436906,0.34287640931430924
24493.52161090604,0.3464039239175827
24494.52159137517,0.34518446727282037
24495.5215718443,0.346749608119204
24496.521552313432,0.3442393387250163
24497.521532782564,0.345193697166073
24498.521513251697,0.3460335899157029
24499.521493720826,0.34721178586785956
24500.521474189958,0.34551610373598907
24501.52145465909,0.3460557606148395
24502.521435128223,0.3467943685412221
24503.52141559735,0.345652004505946
24504.521396066484,0.34539162229622733
24505.521376535617,0.34522792503333
24506.521357004745,0.3472063376181115
24507.521337473878,0.34687489360600243
24508.52131794301,0.3449833304563903
24509.521298412143,0.3465502236414445
24510.52127888127,0.343547554339082
24511.521259350404,0.34604717283126646
24512.521239819536,0.3467690542686791
24513.52122028867,0.34580028765012605
24514.521200757797,0.3465834171755369
24515.52118122693,0.34789688361312593
24516.521161696062,0.34691531051330254
24517.521142165195,0.3470627508422788
24518.521122634324,0.3451407618529904
24519.521103103456,0.34448043921017574
24520.52108357259,0.3474267440029449
24521.52106404172,0.3457505199069153
24522.52104451085,0.3464528691122037
24523.521024979982,0.34464700018809286
24524.521005449114,0.34541744135551294
24525.520985918243,0.3447466163075195
24526.520966387376,0.3460762750925528
24527.520946856508,0.34541954490495075
24528.52092732564,0.3474518740820196
24529.52090779477,0.3450356730980536
24530.5208882639,0.344984179485998
24531.520868733034,0.3453449364610531
24532.520849202167,0.3462448224045604
24533.520829671295,0.34520164721564073
24534.520810140428,0.3452735755772659
24535.52079060956,0.34583555744269884
24536.520771078693,0.3472715119181844
24537.52075154782,0.347286053205991
24538.520732016954,0.34585605815761117
24539.520712486086,0.34575111868857916
24540.52069295522,0.34641443649893683
24541.520673424347,0.34709049636990985
24542.52065389348,0.3456262202610245
24543.520634362612,0.345843431598489
24544.52061483174,0.34549237693893486
24545.520595300874,0.3463931330283146
24546.520575770006,0.34536310712259766
24547.52055623914,0.34597974327980247
24548.520536708267,0.34645639004531137
24549.5205171774,0.34491312555847065
24550.520497646532,0.3457468051643122
24551.520478115664,0.3464365704563174
24552.520458584793,0.344831287954832
24553.520439053926,0.34571842686949344
24554.520419523058,0.3459225824028448
24555.52039999219,0.3457415445115377
24556.52038046132,0.3460347610454145
24557.52036093045,0.34679082991550736
24558.520341399584,0.34632381989481104
24559.520321868713,0.34549762484647467
24560.520302337845,0.34610869074089584
24561.520282806978,0.3455747454175569
24562.52026327611,0.3468154036975983
24563.52024374524,0.3466511896078588
24564.52022421437,0.3448022174920973
24565.520204683504,0.34668003929089924
24566.520185152636,0.3463902832484693
24567.520165621765,0.3462228761724193
24568.520146090897,0.3457176639343945
24569.52012656003,0.3458384805865859
24570.520107029162,0.34488437397307514
24571.52008749829,0.34630131606516823
24572.520067967424,0.3457192811974384
24573.520048436556,0.3469219603977046
24574.52002890569,0.34561784394823897
24575.520009374817,0.3455806517968695
24576.51998984395,0.34610062248590945
24577.519970313082,0.3469172202262796
24578.51995078221,0.3446085414973067
24579.519931251343,0.34484800666214926
24580.519911720476,0.3461413004948531
24581.519892189608,0.3450546524099583
24582.519872658737,0.34743339272335216
24583.51985312787,0.3463194581934571
24584.519833597,0.3468472909794
24585.519814066134,0.34567709395685814
24586.519794535263,0.3455012669630428
24587.519775004395,0.3452489281059341
24588.519755473528,0.3457613121739181
24589.51973594266,0.34442198597673335
24590.51971641179,0.34509802785718435
24591.51969688092,0.3460027002517354
24592.519677350054,0.34608409937812296
24593.519657819183,0.34499648077029216
24594.519638288315,0.34655819902140894
24595.519618757447,0.3455963962537535
24596.51959922658,0.3457789874449672
24597.51957969571,0.34645140490245435
24598.51956016484,0.3457952753373883
24599.519540633974,0.34450743119021343
24600.519521103106,0.346101447331268
24601.519501572235,0.34583862099520557
24602.519482041367,0.34681088489866263
24603.5194625105,0.34478413230274507
24604.519442979632,0.3463233694432639
24605.51942344876,0.34508713272737895
24606.519403917893,0.3458237526354854
24607.519384387026,0.34647905919808947
24608.519364856158,0.34567467617257264
24609.519345325287,0.34667225477030766
24610.51932579442,0.3453167453204432
24611.51930626355,0.3455449118419002
24612.51928673268,0.34549071158482536
24613.519267201813,0.3459818253393666
24614.519247670945,0.34627198221169087
24615.519228140078,0.3457546661804462
24616.519208609207,0.3448288635002458
24617.51918907834,0.34645027462206446
24618.51916954747,0.3458315081969428
24619.519150016604,0.3455772427227721
24620.519130485733,0.34701589909846203
24621.519110954865,0.3457529954635209
24622.519091423997,0.3451324097152447
24623.51907189313,0.3455197322476381
24624.51905236226,0.34454626474439154
24625.51903283139,0.3459648749024245
24626.519013300524,0.3464323150802145
24627.518993769652,0.345555385048751
24628.518974238785,0.34515618351812727
24629.518954707917,0.3467467188562505
24630.51893517705,0.3463711440701284
24631.51891564618,0.3450515464532251
24632.51889611531,0.3460528416455451
24633.518876584443,0.34478399991171155
24634.518857053576,0.34591977966879345
24635.518837522704,0.345143026977161
24636.518817991837,0.3458008597564654
24637.51879846097,0.3462879357880842
24638.5187789301,0.3442584891707322
24639.51875939923,0.3442124990496087
24640.518739868363,0.34591781879572964
24641.518720337495,0.3449047402177801
24642.518700806628,0.345400541366481
24643.518681275757,0.34557464284925116
24644.51866174489,0.34538616527160515
24645.51864221402,0.3452511416249461
24646.51862268315,0.3446025569024515
24647.518603152283,0.34568539154200156
24648.518583621415,0.34621173731157606
24649.518564090547,0.34622191501150884
24650.518544559676,0.34602879238635403
24651.51852502881,0.346451146874182
24652.51850549794,0.3443246516300553
24653.518485967074,0.34508015259824176
24654.518466436202,0.3450374410284608
24655.518446905335,0.34628676265272335
24656.518427374467,0.3457192187125067
24657.5184078436,0.3460452492580422
24658.51838831273,0.3456528924389786
24659.51836878186,0.34588569145423836
24660.518349250993,0.3442867967588351
24661.518329720126,0.34586895993527533
24662.518310189254,0.3457201400702454
24663.518290658387,0.3458804922958743
24664.51827112752,0.3451936840646832
24665.518251596648,0.3448742429627137
24666.51823206578,0.34493263097477284
24667.518212534913,0.34580898054083276
24668.518193004045,0.34525528910194
24669.518173473174,0.3449703420286949
24670.518153942307,0.3455835147277097
24671.51813441144,0.3459685429902335
24672.51811488057,0.3454446643577219
24673.5180953497,0.3457031364078891
24674.518075818833,0.3449572225303465
24675.518056287965,0.3455088566288802
24676.518036757097,0.34521626585560455
24677.518017226226,0.3457137676876998
24678.51799769536,0.3450741712390081
24679.51797816449,0.3450724302620952
24680.51795863362,0.34527523083436457
24681.517939102752,0.3448262708686058
24682.517919571885,0.3454809706666753
24683.517900041017,0.345515306220889
24684.517880510146,0.3455427393614483
24685.51786097928,0.3458507257033078
24686.51784144841,0.3461527153648552
24687.517821917543,0.34559642632559673
24688.517802386672,0.34550305508642654
24689.517782855804,0.3457942150798043
24690.517763324937,0.3458009480643175
24691.51774379407,0.34487120006197347
24692.517724263198,0.34565248223773004
24693.51770473233,0.34549009372593786
24694.517685201463,0.34582515834417576
24695.517665670595,0.34539312565092467
24696.517646139724,0.3457410427699795
24697.517626608857,0.34565241921269974
24698.51760707799,0.34549692750580085
24699.517587547118,0.3457509479468808
24700.51756801625,0.34565387650004104
24701.517548485383,0.34559733321768055
24702.517528954515,0.34587161712888287
24703.517509423644,0.3456326186588686
24704.517489892776,0.3455373964444105
24705.51747036191,0.34505768828860833
24706.51745083104,0.34496153337938656
24707.51743130017,0.34566247090202534
24708.517411769302,0.3454549526654636
24709.517392238435,0.34562204991068374
24710.517372707567,0.34550564761697417
24711.517353176696,0.34541195546851594
24712.51733364583,0.34548506005240476
24713.51731411496,0.34551002506490125
24714.51729458409,0.34652329407418114
24715.517275053222,0.3457746309397867
24716.517255522354,0.34537967950835086
24717.517235991487,0.345245859536503
24718.517216460616,0.34487429560393235
24719.517196929748,0.3454949769456025
24720.51717739888,0.34577586509870045
24721.517157868013,0.3453866329342901
24722.51713833714,0.3453234958896421
24723.517118806274,0.3458430585948764
24724.517099275407,0.3454813924895225
24725.51707974454,0.34552576465064594
24726.517060213668,0.3452208194315526
24727.5170406828,0.34560128674907203
24728.517021151933,0.3461927973695762
24729.517001621065,0.34485726146151396
24730.516982090194,0.34552840733674905
24731.516962559326,0.345107064467412
24732.51694302846,0.34517339769609534
24733.516923497587,0.34525062736384593
24734.51690396672,0.3458861427470184
24735.516884435852,0.3452755279752345
24736.516864904985,0.3457915209482174
24737.516845374113,0.3451987121877875
24738.516825843246,0.3456308264050961
24739.51680631238,0.3453237257039249
24740.51678678151,0.3453246947476884
24741.51676725064,0.3454454820037896
24742.516747719772,0.34560830199216264
24743.516728188904,0.3454162357532201
24744.516708658037,0.34573891301217113
24745.516689127166,0.34524077761089395
24746.516669596298,0.34543619048850466
24747.51665006543,0.3457138411928015
24748.516630534563,0.3449105248753447
24749.51661100369,0.3448629137695597
24750.516591472824,0.3454678791068303
24751.516571941956,0.3453119408200833
24752.516552411085,0.34544085762819277
24753.516532880218,0.34552782042998514
24754.51651334935,0.34519926475416646
24755.516493818483,0.34540507983390134
24756.51647428761,0.34523850360496805
24757.516454756744,0.3454317927606234
24758.516435225876,0.34529446825875276
24759.51641569501,0.3453600673274782
24760.516396164137,0.34548756309436957
24761.51637663327,0.3454401013696147
24762.516357102402,0.3453616480198595
24763.516337571535,0.3451062035811091
24764.516318040663,0.3455485569057536
24765.516298509796,0.345321264385124
24766.51627897893,0.34557520140992315
24767.516259448057,0.34524627409904174
24768.51623991719,0.3455892656042858
24769.516220386322,0.34543311747580063
24770.516200855454,0.3456153085052004
24771.516181324583,0.3454650269815895
24772.516161793716,0.3458561254469452
24773.516142262848,0.34552794147207777
24774.51612273198,0.34514635915775105
24775.51610320111,0.3451465899995495
24776.51608367024,0.34550284091530326
24777.516064139374,0.34534580866217596
24778.516044608506,0.345518264776015
24779.516025077635,0.34506855092135763
24780.516005546768,0.34529417768408743
24781.5159860159,0.3452745886127134
24782.515966485033,0.34559880644354124
24783.51594695416,0.34549129855349664
24784.515927423294,0.34554442895920967
24785.515907892426,0.3453848736927439
24786.515888361555,0.3451958750352807
24787.515868830687,0.3458139039071906
24788.51584929982,0.3453306195056673
24789.515829768952,0.34552871213620867
24790.51581023808,0.3452381443888171
24791.515790707213,0.3452824206745398
24792.515771176346,0.3451918269731513
24793.51575164548,0.34560625066687994
24794.515732114607,0.345186706505143
24795.51571258374,0.3452299347966808
24796.515693052872,0.34527009257804553
24797.515673522004,0.3450195343763541
24798.515653991133,0.3453522473184255
24799.515634460266,0.345648300269879
24800.515614929398,0.34537932657641074
24801.515595398527,0.3452182007270239
24802.51557586766,0.3457077572251299
24803.51555633679,0.34521664668203805
24804.515536805924,0.3454211594971251
24805.515517275053,0.3452434599352467
24806.515497744185,0.34506472160939533
24807.515478213318,0.34499179624743087
24808.51545868245,0.3451477089130663
24809.51543915158,0.3452386940499391
24810.51541962071,0.3450853685792774
24811.515400089844,0.34564019386768907
24812.515380558976,0.3454958780893302
24813.515361028105,0.34543886706446447
24814.515341497237,0.34537855457716227
24815.51532196637,0.34542976115190643
24816.515302435502,0.3454700485508275
24817.51528290463,0.34521640542078047
24818.515263373763,0.34523467330925084
24819.515243842896,0.34559635147785894
24820.515224312025,0.34544438353164353
24821.515204781157,0.34505887785195655
24822.51518525029,0.34542235136150784
24823.515165719422,0.3453947773206834
24824.51514618855,0.3452655870273032
24825.515126657683,0.34528869321096706
24826.515107126816,0.34546165758877856
24827.515087595948,0.3450144186289708
24828.515068065077,0.3451357030619226
24829.51504853421,0.34520856411847645
24830.51502900334,0.3449115198408058
24831.515009472474,0.3450521735048585
24832.514989941603,0.345380777537367
24833.514970410735,0.3448341327852837
24834.514950879868,0.34524163435704736
24835.514931348996,0.34501050644048536
24836.51491181813,0.34563489151950255
24837.51489228726,0.3455785106634053
24838.514872756394,0.3454302148430145
24839.514853225523,0.3453279901969799
24840.514833694655,0.34547270920862533
24841.514814163787,0.3454723631176465
24842.51479463292,0.34543935793911923
24843.51477510205,0.3450099907420392
24844.51475557118,0.34507870200943747
24845.514736040313,0.3452404675921421
24846.514716509446,0.3452467905628734
24847.514696978575,0.34496476401814047
24848.514677447707,0.3451656391887495
24849.51465791684,0.3451180482861832
24850.514638385972,0.345208347642368
24851.5146188551,0.345308606743278
24852.514599324233,0.34539872627555795
24853.514579793366,0.34544011862358975
24854.514560262494,0.34522612231308486
24855.514540731627,0.3451106212238438
24856.51452120076,0.34532313161245504
24857.51450166989,0.34515500879369565
24858.51448213902,0.3451671288730825
24859.514462608153,0.3453214376540677
24860.514443077285,0.3456210557216154
24861.514423546418,0.3452465846899386
24862.514404015546,0.34517907168788436
24863.51438448468,0.34518315423381696
24864.51436495381,0.34519730352942585
24865.514345422944,0.3452299201089323
24866.514325892073,0.34554558026355225
24867.514306361205,0.3451142218628756
24868.514286830337,0.3449619156115538
24869.51426729947,0.345177543918622
24870.5142477686,0.3452157891243938
24871.51422823773,0.3452666082635811
24872.514208706863,0.34535493942057066
24873.514189175992,0.34504838312504693
24874.514169645125,0.3451496974742229
24875.514150114257,0.34505716028364514
24876.51413058339,0.345226278556282
24877.51411105252,0.3451331744837012
24878.51409152165,0.3450552582171315
24879.514071990783,0.345224645480782
24880.514052459916,0.3453972932395857
24881.514032929044,0.3454530949885518
24882.514013398177,0.3451368336362167
24883.51399386731,0.3451209228415051
24884.51397433644,0.34511176520844267
24885.51395480557,0.345423402518484
24886.513935274703,0.34505366834830037
24887.513915743835,0.34527081599043535
24888.513896212964,0.3452203157481245
24889.513876682096,0.3450916507899185
24890.51385715123,0.3451917206400381
24891.51383762036,0.3452275259842511
24892.51381808949,0.34504464987542866
24893.513798558623,0.3452101714125114
24894.513779027755,0.34533766498265145
24895.513759496887,0.34516357249607893
24896.513739966016,0.34513048374627214
24897.51372043515,0.34527215838788616
24898.51370090428,0.34500041644581775
24899.513681373413,0.3453062704893116
24900.513661842542,0.3452103051704372
24901.513642311675,0.34495352154017467
24902.513622780807,0.3452306376351554
24903.51360324994,0.3451564129898371
24904.51358371907,0.3451188440490851
24905.5135641882,0.3451716872250995
24906.513544657333,0.34502540711289437
24907.513525126462,0.34519667289896344
24908.513505595594,0.34515134412366866
24909.513486064727,0.3450907316766904
24910.51346653386,0.34516740325078393
24911.513447002988,0.3452189201547793
24912.51342747212,0.34536878528859294
24913.513407941253,0.3452315055552978
24914.513388410385,0.34509521453129044
24915.513368879514,0.34498086156855257
24916.513349348646,0.34495294882237304
24917.51332981778,0.34539498549958114
24918.51331028691,0.34506264877333886
24919.51329075604,0.34510969736738806
24920.513271225173,0.34503571228181246
24921.513251694305,0.34506136979047114
24922.513232163434,0.3450373774497413
24923.513212632566,0.34516074715181727
24924.5131931017,0.345059386509986
24925.51317357083,0.34515678727302085
24926.51315403996,0.3451720994202009
24927.513134509092,0.3451924641764177
24928.513114978225,0.3452153889349073
24929.513095447357,0.3451728999070882
24930.513075916486,0.3451079232178435
24931.51305638562,0.3451116605640831
24932.51303685475,0.34516114784038876
24933.513017323883,0.34518839011754876
24934.512997793012,0.34508877268237304
24935.512978262144,0.3450695333115324
24936.512958731277,0.34515991136558793
24937.51293920041,0.34521116211119407
24938.512919669538,0.3451807617965853
24939.51290013867,0.34516334201875687
24940.512880607803,0.3450392592622214
24941.51286107693,0.3451654810137703
24942.512841546064,0.3451231665165864
24943.512822015196,0.3450300680786112
24944.51280248433,0.34505893349793615
24945.512782953458,0.3452005889799234
24946.51276342259,0.3450981636511201
24947.512743891722,0.34518916024748125
24948.512724360855,0.34521628597626974
24949.512704829984,0.3450447148589615
24950.512685299116,0.34510821640863193
24951.51266576825,0.3451540295239562
24952.51264623738,0.345089553461221
24953.51262670651,0.34501757226560337
24954.512607175642,0.34515719682847334
24955.512587644775,0.34513322477058095
24956.512568113907,0.3450352192578232
24957.512548583036,0.34511666564365645
24958.51252905217,0.3450697417362287
24959.5125095213,0.3450843249750851
24960.51248999043,0.34518183756515625
24961.512470459562,0.3451252339689178
24962.512450928694,0.3451393068322028
24963.512431397827,0.3452094206178768
24964.512411866956,0.3451188852363732
24965.512392336088,0.34501430203719374
24966.51237280522,0.3451853375996437
24967.512353274353,0.3451041465066204
24968.51233374348,0.34511223728235335
24969.512314212614,0.3450419552091058
24970.512294681746,0.3450924771354279
24971.51227515088,0.34506181312063805
24972.512255620008,0.3450702361094847
24973.51223608914,0.3450931429296731
24974.512216558272,0.34509972004414496
24975.5121970274,0.34510260132605647
24976.512177496534,0.34507239791736893
24977.512157965666,0.3450983818426177
24978.5121384348,0.3451163285269111
24979.512118903927,0.34504583150859397
24980.51209937306,0.34516848947551876
24981.512079842192,0.3450468701250811
24982.512060311325,0.34496569203273236
24983.512040780453,0.34498604139883393
24984.512021249586,0.34506042789743585
24985.51200171872,0.3451022278155603
24986.51198218785,0.34505445396599427
24987.51196265698,0.3450756764100309
24988.511943126112,0.3450299014487892
24989.511923595244,0.34503682816698583
24990.511904064377,0.3450596654023704
24991.511884533506,0.3450661339285999
24992.511865002638,0.3449886211345798
24993.51184547177,0.3449705725721767
24994.5118259409,0.3451122881949536
24995.51180641003,0.34506482404968547
24996.511786879164,0.34506001348578996
24997.511767348296,0.3450378637853955
24998.511747817425,0.3450323114019993
24999.511728286558,0.3450227275339479
25000.51170875569,0.345073462888513
25001.511689224822,0.34504464616622843
25002.51166969395,0.34508907603292344
25003.511650163084,0.34504500137229516
25004.511630632216,0.3450503591067733
25005.51161110135,0.3450951726040055
25006.511591570477,0.34503680497466616
25007.51157203961,0.345088972204533
25008.511552508742,0.34506014036598015
25009.51153297787,0.34508660828148285
25010.511513447003,0.345073383373977
25011.511493916136,0.3449716555577523
25012.51147438527,0.34496524122854294
25013.511454854397,0.3450309331366096
25014.51143532353,0.3450180562353521
25015.511415792662,0.34504944830873996
25016.511396261794,0.3450502455387817
25017.511376730923,0.34507345479524637
25018.511357200055,0.34502407797894563
25019.511337669188,0.34506433259953206
25020.51131813832,0.34502737391374383
25021.51129860745,0.3449690702079744
25022.51127907658,0.3450152654504533
25023.511259545714,0.34504859959374656
25024.511240014846,0.3450018699537323
25025.511220483975,0.3450434412009082
25026.511200953108,0.34509367831432813
25027.51118142224,0.34502816759971394
25028.51116189137,0.3449771623733404
25029.5111423605,0.34497778741702945
25030.511122829634,0.3449651667671183
25031.511103298766,0.34495055320934875
25032.511083767895,0.34501244516240803
25033.511064237027,0.34497279287235066
25034.51104470616,0.344985787920795
25035.511025175292,0.34496658736732
25036.51100564442,0.345018482530523
25037.510986113553,0.34501004883247904
25038.510966582686,0.34498757933930735
25039.51094705182,0.34497668462553777
25040.510927520947,0.3450625126468113
25041.51090799008,0.3449957650559081
25042.510888459212,0.3449878245139868
25043.51086892834,0.3449482824274318
25044.510849397473,0.3449972773417007
25045.510829866605,0.34495912363511566
25046.510810335738,0.345040570177365
25047.510790804867,0.3450118275646747
25048.510771274,0.3449791624982976
25049.51075174313,0.34495002087742455
25050.510732212264,0.3449804377642627
25051.510712681393,0.34500114601806037
25052.510693150525,0.345038974307465
25053.510673619658,0.3449994553553223
25054.51065408879,0.34497897269034494
25055.51063455792,0.34498182505274266
25056.51061502705,0.3449522007813761
25057.510595496184,0.3449800758752823
25058.510575965316,0.3449536786263272
25059.510556434445,0.34499984854453747
25060.510536903577,0.3449408545681602
25061.51051737271,0.3449969556740032
25062.51049784184,0.34498706563147336
25063.51047831097,0.3449468138108605
25064.510458780103,0.34493111161630335
25065.510439249236,0.3449454609205928
25066.510419718365,0.34495350064152214
25067.510400187497,0.344943605488856
25068.51038065663,0.3449714561374511
25069.510361125762,0.3449844624001523
25070.51034159489,0.34497826427570605
25071.510322064023,0.34494746581740005
25072.510302533155,0.3449712972778409
25073.510283002288,0.34494676730417156
25074.510263471417,0.3449513788429602
25075.51024394055,0.3449684755873396
25076.51022440968,0.34495762652714906
25077.510204878814,0.34497429429648696
25078.510185347943,0.344938214979979
25079.510165817075,0.34494227778736236
25080.510146286208,0.34496003476653764
25081.510126755336,0.3449214547066732
25082.51010722447,0.34496080718213906
25083.5100876936,0.34495074977954493
25084.510068162734,0.34493755852129443
25085.510048631862,0.34492407061866337
25086.510029100995,0.34493058603374105
25087.510009570127,0.3449408620872708
25088.50999003926,0.3449353608352817
25089.50997050839,0.34493182988276505
25090.50995097752,0.34494168857306207
25091.509931446653,0.34492636838156804
25092.509911915786,0.34493739209605284
25093.509892384915,0.34493316163786114
25094.509872854047,0.34491797006970093
25095.50985332318,0.34489504699808504
25096.50983379231,0.3449177458478204
25097.50981426144,0.3449121740073966
25098.509794730573,0.344919771841818
25099.509775199705,0.3449433666593103
25100.509755668834,0.3449471045375657
25101.509736137967,0.34494500869519157
25102.5097166071,0.34492624361446145
25103.50969707623,0.34491602842904134
25104.50967754536,0.3448994718175586
25105.509658014493,0.34492047132155346
25106.509638483625,0.34489948073223264
25107.509618952758,0.34493992687944547
25108.509599421886,0.3449096943340504
25109.50957989102,0.3449034364683114
25110.50956036015,0.34491899000289483
25111.509540829284,0.3448972575349968
25112.509521298412,0.34490642111873526
25113.509501767545,0.34491968086451813
25114.509482236677,0.34490272229788843
25115.509462705806,0.34490687030888845
25116.50944317494,0.34491584084160365
25117.50942364407,0.34487708664360106
25118.509404113203,0.34489839197019756
25119.509384582332,0.34490770613123395
25120.509365051465,0.3448870749512398
25121.509345520597,0.3449080264619188
25122.50932598973,0.34489950448997037
25123.50930645886,0.34490720925034996
25124.50928692799,0.34487961119924887
25125.509267397123,0.3449139521367994
25126.509247866255,0.34486280971772343
25127.509228335384,0.3449080621251993
25128.509208804517,0.344888722957557
25129.50918927365,0.3449031035542467
25130.509169742778,0.34487747449902234
25131.50915021191,0.34487661419829285
25132.509130681043,0.3448894387402378
25133.509111150175,0.34487572000983624
25134.509091619304,0.3448771641338624
25135.509072088436,0.3448862846899143
25136.50905255757,0.34489546318281883
25137.5090330267,0.34488951869426576
25138.50901349583,0.34490271275554374
25139.508993964962,0.34486068951658466
25140.508974434095,0.3448655393111204
25141.508954903227,0.34486594231758405
25142.508935372356,0.3448796054908268
25143.50891584149,0.34487254964196246
25144.50889631062,0.34487433930699946
25145.508876779753,0.3448751767765841
25146.508857248882,0.3448623324385352
25147.508837718015,0.34488917136434644
25148.508818187147,0.3448697647361742
25149.508798656276,0.3448676841275902
25150.50877912541,0.3448672134846183
25151.50875959454,0.34486502860159124
25152.508740063673,0.3448589997653258
25153.5087205328,0.34486112580608436
25154.508701001934,0.34486227924256335
25155.508681471067,0.34487283953340353
25156.5086619402,0.34486939418660495
25157.508642409328,0.3448774366548674
25158.50862287846,0.34485262502693864
25159.508603347593,0.34487576119532476
25160.508583816725,0.3448583795398852
25161.508564285854,0.3448661836545971
25162.508544754986,0.344846293206855
25163.50852522412,0.3448598292951721
25164.508505693248,0.3448620036183802
25165.50848616238,0.34484432835574047
25166.508466631512,0.34485973705683337
25167.508447100645,0.3448403826916859
25168.508427569774,0.34485032087647977
25169.508408038906,0.3448542027360807
25170.50838850804,0.3448471800267055
25171.50836897717,0.34485727361945623
25172.5083494463,0.344835803997596
25173.508329915432,0.34484778720295006
25174.508310384565,0.34483703350028044
25175.508290853697,0.34484093941049554
25176.508271322826,0.34483852274495175
25177.508251791958,0.34484754752796243
25178.50823226109,0.344843680951854
25179.508212730223,0.3448565021950068
25180.50819319935,0.34484730190856744
25181.508173668484,0.3448462782651709
25182.508154137617,0.34485879100542294
25183.508134606745,0.34484236775204224
25184.508115075878,0.3448419755482358
25185.50809554501,0.34483873987990254
25186.508076014143,0.3448378489266247
25187.50805648327,0.3448236159627945
25188.508036952404,0.34482694860859747
25189.508017421536,0.34484438560240854
25190.50799789067,0.34483716500670597
25191.507978359798,0.3448288711622257
25192.50795882893,0.34483616878706896
25193.507939298062,0.34482971568407195
25194.507919767195,0.3448320909289706
25195.507900236324,0.3448308541818999
25196.507880705456,0.3448192101668609
25197.50786117459,0.3448294241897157
25198.50784164372,0.34482267717760323
25199.50782211285,0.3448255174384653
25200.507802581982,0.3448178275534975
25201.507783051115,0.344819251619204
25202.507763520243,0.34481333146792825
25203.507743989376,0.34481867563273044
25204.507724458508,0.3448236937606432
25205.50770492764,0.3448213821744738
25206.50768539677,0.34481755210755066
25207.5076658659,0.3448165976458793
25208.507646335034,0.3448181046796646
25209.507626804167,0.3448167809981861
25210.507607273295,0.3448214696644302
25211.507587742428,0.3448188812095358
25212.50756821156,0.34481759544538276
25213.507548680693,0.3448125644855238
25214.50752914982,0.344816167686912
25215.507509618954,0.34480877845099306
25216.507490088086,0.3448131129193938
25217.507470557215,0.34480726229481445
25218.507451026348,0.344806089120534
25219.50743149548,0.34481226112099933
25220.507411964612,0.34480355542894076
25221.50739243374,0.34480001285729783
25222.507372902874,0.34480316662762817
25223.507353372006,0.34479827616404907
25224.50733384114,0.3448028183266719
25225.507314310267,0.34479692879187934
25226.5072947794,0.34479853127507
25227.507275248532,0.3448057717197933
25228.507255717665,0.3448006473378551
25229.507236186793,0.3448039795603317
25230.507216655926,0.34480044114256286
25231.507197125058,0.3447950816639388
25232.50717759419,0.34479723172767524
25233.50715806332,0.34479034340005915
25234.50713853245,0.34479192154400645
25235.507119001584,0.3447939797237505
25236.507099470713,0.3448028913205242
25237.507079939845,0.3447923907820408
25238.507060408978,0.34479208418774665
25239.50704087811,0.34479380264992426
25240.50702134724,0.3447874041866113
25241.50700181637,0.34478637103030335
25242.506982285504,0.3447872906431833
25243.506962754636,0.3447905139435518
25244.506943223765,0.34478584177261346
25245.506923692898,0.3447832821075624
25246.50690416203,0.34477820004801224
25247.506884631162,0.34478018874236627
25248.50686510029,0.34478552030823856
25249.506845569424,0.3447815899932565
25250.506826038556,0.3447808170951809
25251.506806507685,0.3447814765123169
25252.506786976817,0.34478104856968833
25253.50676744595,0.3447819656854426
25254.506747915082,0.3447798903988225
25255.50672838421,0.34477911127169264
25256.506708853343,0.34477915739757936
25257.506689322476,0.34477752676175666
25258.506669791608,0.3447751707413398
25259.506650260737,0.3447747229407624
25260.50663072987,0.3447737908669258
25261.506611199,0.34477467580399185
25262.506591668134,0.3447727176991252
25263.506572137263,0.34477233796069734
25264.506552606395,0.3447725161009238
25265.506533075528,0.34477467632581943
25266.50651354466,0.3447703038138761
25267.50649401379,0.34476850003528325
25268.50647448292,0.3447688054674036
25269.506454952054,0.34476608355575045
25270.506435421183,0.34476582382307486
25271.506415890315,0.34476952175537723
25272.506396359448,0.3447670811996159
25273.50637682858,0.3447626049794106
25274.50635729771,0.3447607621499276
25275.50633776684,0.34476407237395107
25276.506318235974,0.34476031245881666
25277.506298705106,0.34476120335279237
25278.506279174235,0.3447590257098762
25279.506259643367,0.3447608338456759
25280.5062401125,0.34475841663139706
25281.506220581632,0.34475725611622815
25282.50620105076,0.34475755963235155
25283.506181519893,0.3447550548822218
25284.506161989026,0.34475756059943796
25285.506142458158,0.344754133643031
25286.506122927287,0.344755481135845
25287.50610339642,0.3447532439362391
25288.50608386555,0.34475574947156284
25289.50606433468,0.3447534312469958
25290.506044803813,0.3447507639208795
25291.506025272945,0.3447532655611382
25292.506005742078,0.3447495055535837
25293.505986211207,0.34475119937303866
25294.50596668034,0.3447499282730897
25295.50594714947,0.34475172737654813
25296.505927618604,0.3447459396160735
25297.505908087733,0.3447489153712725
25298.505888556865,0.34474683392853467
25299.505869025998,0.3447475211016956
25300.50584949513,0.3447473139269511
25301.50582996426,0.3447436744980016
25302.50581043339,0.3447467910793375
25303.505790902524,0.3447424388152283
25304.505771371652,0.344744555632593
25305.505751840785,0.3447438444669728
25306.505732309917,0.344743481219275
25307.50571277905,0.34474018012513485
25308.50569324818,0.34473998691325125
25309.50567371731,0.34473987538029355
25310.505654186443,0.3447393027945588
25311.505634655576,0.34473942368443783
25312.505615124704,0.34473875902796364
25313.505595593837,0.3447360888760261
25314.50557606297,0.34473637451939193
25315.5055565321,0.3447373136088811
25316.50553700123,0.34473513460277455
25317.505517470363,0.3447341747702887
25318.505497939495,0.34473483329878213
25319.505478408628,0.3447333819208979
25320.505458877757,0.34473282490767737
25321.50543934689,0.34473191650154267
25322.50541981602,0.34473132298266157
25323.50540028515,0.34473192291448396
25324.505380754283,0.3447303921518945
25325.505361223415,0.34472954016553176
25326.505341692548,0.34472923015003015
25327.505322161676,0.3447266626053532
25328.50530263081,0.34472877709761135
25329.50528309994,0.3447275011845781
25330.505263569074,0.34472652989632496
25331.505244038202,0.34472639552697637
25332.505224507335,0.3447256573818183
25333.505204976467,0.3447239308496737
25334.5051854456,0.3447243971564486
25335.50516591473,0.34472367336051785
25336.50514638386,0.34472332646791565
25337.505126852993,0.3447235272172055
25338.505107322122,0.34472178127676373
25339.505087791254,0.3447206510836407
25340.505068260387,0.34472172786466826
25341.50504872952,0.3447212492477455
25342.505029198648,0.34471972314560545
25343.50500966778,0.3447187598693434
25344.504990136913,0.3447193197471122
25345.504970606045,0.344717147691514
25346.504951075174,0.3447168626650705
25347.504931544307,0.34471683312546614
25348.50491201344,0.3447168031242795
25349.50489248257,0.3447162931691184
25350.5048729517,0.3447147400966382
25351.504853420833,0.344714051558112
25352.504833889965,0.3447141499717384
25353.504814359098,0.3447135550478831
25354.504794828226,0.34471296257779727
25355.50477529736,0.34471327505208615
25356.50475576649,0.34471165393969516
25357.50473623562,0.34471129928598154
25358.504716704752,0.34471123243334695
25359.504697173885,0.34471053516408634
25360.504677643017,0.34471058769476254
25361.504658112146,0.34470980440006666
25362.50463858128,0.34470831157726717
25363.50461905041,0.3447085720919506
25364.504599519543,0.3447078353387412
25365.504579988672,0.344707366932997
25366.504560457804,0.3447065303187257
25367.504540926937,0.3447061837453364
25368.50452139607,0.3447060458009499
25369.504501865198,0.3447055204636308
25370.50448233433,0.3447051861248109
25371.504462803463,0.34470414212948025
25372.50444327259,0.34470391874434975
25373.504423741724,0.34470362008535155
25374.504404210857,0.3447026146988443
25375.50438467999,0.3447019652741776
25376.504365149118,0.3447017035778805
25377.50434561825,0.34470144183943596
25378.504326087383,0.34470063582122523
25379.504306556515,0.3447006091444395
25380.504287025644,0.3446999349459208
25381.504267494776,0.34469870909252087
25382.50424796391,0.344698878070762
25383.50422843304,0.3446980610831862
25384.50420890217,0.3446976731687306
25385.504189371302,0.3446976761989226
25386.504169840435,0.34469720343418053
25387.504150309567,0.34469630420275793
25388.504130778696,0.3446958308747953
25389.50411124783,0.34469527986977955
25390.50409171696,0.34469486698245816
25391.50407218609,0.344694219792713
25392.504052655222,0.34469417226080673
25393.504033124354,0.34469346794941264
25394.504013593487,0.34469282107882065
25395.503994062616,0.344692685813184
25396.503974531748,0.34469225918394303
25397.50395500088,0.3446917858866609
25398.503935470013,0.34469158001775035
25399.50391593914,0.344690874989243
25400.503896408274,0.34469061494528797
25401.503876877407,0.34469015996972996
25402.50385734654,0.34468924369483905
25403.503837815668,0.3446888396150952
25404.5038182848,0.3446886162478498
25405.503798753933,0.3446878361396764
25406.503779223065,0.3446882411740799
25407.503759692194,0.3446873735820004
25408.503740161326,0.3446874742222373
25409.50372063046,0.34468657116668117
25410.503701099587,0.34468606553333475
25411.50368156872,0.3446854778607265
25412.503662037852,0.3446853372031525
25413.503642506985,0.3446848876442088
25414.503622976114,0.3446845561109742
25415.503603445246,0.3446841188840943
25416.50358391438,0.34468368336752503
25417.50356438351,0.3446831080588394
25418.50354485264,0.34468258847739197
25419.503525321772,0.34468223760658145
25420.503505790904,0.34468191906955403
25421.503486260037,0.3446815827715932
25422.503466729166,0.344681243139308
25423.503447198298,0.34468064064170373
25424.50342766743,0.3446805737720294
25425.50340813656,0.3446799716389792
25426.50338860569,0.34467967895596735
25427.503369074824,0.34467928823156113
25428.503349543957,0.34467887528823543
25429.503330013085,0.3446786742038159
25430.503310482218,0.3446780648372265
25431.50329095135,0.34467768652728287
25432.503271420483,0.34467737671699566
25433.50325188961,0.34467708668658814
25434.503232358744,0.34467673622645484
25435.503212827876,0.344676274132119
25436.50319329701,0.3446759481825398
25437.503173766137,0.34467565951075896
25438.50315423527,0.34467527642496365
25439.503134704402,0.3446748474657304
25440.503115173535,0.3446744941644732
25441.503095642664,0.34467417260484967
25442.503076111796,0.34467384998752226
25443.50305658093,0.34467351486586695
25444.503037050057,0.34467304957605316
25445.50301751919,0.34467272536581806
25446.502997988322,0.34467239228107893
25447.502978457454,0.34467206156655217
25448.502958926583,0.3446717410220084
25449.502939395716,0.34467148911526585
25450.502919864848,0.34467111883301144
25451.50290033398,0.34467065723588564
25452.50288080311,0.3446704360179728
25453.50286127224,0.3446700638135398
25454.502841741374,0.3446697555259675
25455.502822210507,0.344669382986864
25456.502802679635,0.34466913612201366
25457.502783148768,0.34466881329013715
25458.5027636179,0.34466855187676926
25459.50274408703,0.3446682066975871
25460.50272455616,0.3446678315752015
25461.502705025294,0.3446675626360545
25462.502685494426,0.3446672314699136
25463.502665963555,0.3446669191909877
25464.502646432687,0.34466667780401794
25465.50262690182,0.34466633253032736
25466.502607370952,0.3446660686024823
25467.50258784008,0.34466571075886693
25468.502568309214,0.34466546618667965
25469.502548778346,0.3446651429723655
25470.50252924748,0.3446648847356826
25471.502509716607,0.34466460758204887
25472.50249018574,0.34466429897049383
25473.502470654872,0.3446640323886389
25474.502451124004,0.34466375537628124
25475.502431593133,0.3446634477128363
25476.502412062266,0.3446631703014857
25477.502392531398,0.3446629030992672
25478.502373000527,0.3446626874776669
25479.50235346966,0.34466241805509146
25480.50233393879,0.3446621165998176
25481.502314407924,0.34466186567802654
25482.502294877053,0.344661597342696
25483.502275346185,0.34466133549909095
25484.502255815318,0.34466108314250576
25485.50223628445,0.34466081068984883
25486.50221675358,0.3446605669031053
25487.50219722271,0.3446603078996363
25488.502177691844,0.3446600490868682
25489.502158160976,0.3446598396535092
25490.502138630105,0.34465957740912057
25491.502119099237,0.34465934334929227
25492.50209956837,0.34465906480405967
25493.5020800375,0.34465884760911103
25494.50206050663,0.3446586147661765
25495.502040975764,0.34465839044235763
25496.502021444896,0.34465815963757296
25497.502001914025,0.34465792578368576
25498.501982383157,0.34465770289111736
25499.50196285229,0.3446574816617248
25500.501943321422,0.34465724983554774
25501.50192379055,0.34465703935604486
25502.501904259683,0.3446568126582391
25503.501884728816,0.3446565964032324
25504.501865197948,0.3446563885045884
25505.501845667077,0.34465617737088505
25506.50182613621,0.34465596628747386
25507.50180660534,0.34465576409017307
25508.501787074474,0.3446555596774712
25509.501767543603,0.34465535834713634
25510.501748012735,0.34465515532219426
25511.501728481868,0.3446549612409499
25512.501708950997,0.34465476131729583
25513.50168942013,0.34465457315671605
25514.50166988926,0.344654378576614
25515.501650358394,0.3446541937339897
25516.501630827523,0.34465399996811347
25517.501611296655,0.34465382489787394
25518.501591765787,0.3446536394898408
25519.50157223492,0.34465345672333697
25520.50155270405,0.3446532842930018
25521.50153317318,0.3446531035989097
25522.501513642314,0.344652935074554
25523.501494111446,0.3446527601746731
25524.501474580575,0.34465259276925064
25525.501455049707,0.34465242582798317
25526.50143551884,0.344652261170182
25527.501415987972,0.3446520996868775
25528.5013964571,0.34465194092033463
25529.501376926233,0.3446517822394001
25530.501357395366,0.3446516265014961
25531.501337864494,0.3446514728278917
25532.501318333627,0.3446513232037611
25533.50129880276,0.34465117427840625
25534.50127927189,0.3446510268737642
25535.50125974102,0.34465088367968794
25536.501240210153,0.34465074157560127
25537.501220679285,0.34465060181944895
25538.501201148418,0.34465046370031727
25539.501181617547,0.3446503291798244
25540.50116208668,0.3446501955325279
25541.50114255581,0.3446500651307787
25542.501123024944,0.34464993621608375
25543.501103494073,0.3446498097464142
25544.501083963205,0.3446496850943732
25545.501064432337,0.3446495631039436
25546.501044901466,0.3446494433586291
25547.5010253706,0.3446493254639165
25548.50100583973,0.3446492102296306
25549.500986308864,0.34464909715173275
25550.500966777992,0.34464898627644147
25551.500947247125,0.3446488772989422
25552.500927716257,0.34464877092406804
25553.50090818539,0.34464866662874294
25554.50088865452,0.3446485644947538
25555.50086912365,0.3446484645660961
25556.500849592783,0.34464836693837547
25557.500830061916,0.3446482715989853
25558.500810531044,0.3446481783025407
25559.500791000177,0.3446480873165407
25560.50077146931,0.34464799851271305
25561.50075193844,0.3446479120053251
25562.50073240757,0.3446478277096182
25563.500712876703,0.34464774553898253
25564.500693345835,0.34464766568339644
25565.500673814964,0.34464758797897116
25566.500654284097,0.34464751254074744
25567.50063475323,0.3446474392739697
25568.50061522236,0.3446473682548768
25569.50059569149,0.34464729947092887
25570.500576160623,0.3446472328874245
25571.500556629755,0.3446471685540277
25572.500537098887,0.3446471063831536
25573.500517568016,0.3446470464739289
25574.50049803715,0.34464698877444044
25575.50047850628,0.34464693328351065
25576.500458975413,0.34464688002396815
25577.500439444542,0.34464682898316806
25578.500419913675,0.34464678015441047
25579.500400382807,0.3446467335479889
25580.500380851936,0.3446466891631333
25581.50036132107,0.34464664699947817
25582.5003417902,0.3446466070482161
25583.500322259333,0.3446465693212864
25584.500302728462,0.3446465338117967
25585.500283197594,0.34464650052289036
25586.500263666727,0.3446464694524771
25587.50024413586,0.3446464406019828
25588.500224604988,0.3446464139698312
25589.50020507412,0.34464638955838517
25590.500185543253,0.34464636736483584
25591.500166012385,0.3446463473913565
25592.500146481514,0.34464632963697606
25593.500126950647,0.34464631410114943
25594.50010741978,0.3446463007846429
25595.50008788891,0.34464628968775174
25596.50006835804,0.34464628081288523
25597.500048827173,0.3446462741530907
25598.500029296305,0.34464626971418627
25599.500009765434,0.3446462674964626
